1 0.6453125 0.4671875 0.6546875 0.471875 0.6546875 0.478125 0.65 0.4828125 0.640625 0.48125 0.634375 0.475 0.634375 0.4703125 0.6375 0.465625 0.64375 0.4671875
1 0.8640625 0.303125 0.8703125 0.30625 0.86875 0.315625 0.8484375 0.3109375 0.85 0.3015625 0.8625 0.303125
1 0.1015625 0.6640625 0.1078125 0.6640625 0.11875 0.6703125 0.11875 0.68125 0.115625 0.6828125 0.1015625 0.671875 0.1015625 0.665625
1 0.7921875 0.10625 0.796875 0.1078125 0.7984375 0.1125 0.796875 0.115625 0.7890625 0.115625 0.784375 0.1125 0.784375 0.1078125 0.790625 0.10625
1 0.5625 0.859375 0.5671875 0.8640625 0.575 0.865625 0.575 0.878125 0.5703125 0.890625 0.5546875 0.8890625 0.5453125 0.8859375 0.5421875 0.88125 0.5421875 0.871875 0.5453125 0.8640625 0.5515625 0.8578125 0.5609375 0.859375
1 0.4015625 0.5 0.4140625 0.50625 0.4140625 0.5109375 0.4109375 0.515625 0.4046875 0.5140625 0.396875 0.50625 0.396875 0.5015625 0.4 0.5
2 0.828125 0.2265625 0.8296875 0.240625 0.825 0.2390625 0.825 0.228125 0.8265625 0.228125
2 0.4359375 0.209375 0.4375 0.2171875 0.434375 0.221875 0.43125 0.221875 0.4296875 0.21875 0.43125 0.2109375 0.434375 0.209375
2 0.896875 0.2390625 0.9 0.2421875 0.8984375 0.2515625 0.8953125 0.253125 0.8953125 0.240625
0 0.653125 0.375 0.6609375 0.3734375 0.665625 0.3796875 0.6640625 0.3921875 0.653125 0.3921875 0.6515625 0.390625 0.653125 0.3765625
0 0.1453125 0.49375 0.1515625 0.5015625 0.1515625 0.51875 0.146875 0.53125 0.13125 0.5265625 0.1296875 0.5234375 0.1296875 0.5015625 0.134375 0.4953125 0.14375 0.49375
0 0.5796875 0.6890625 0.578125 0.6859375 0.5796875 0.6765625 0.5859375 0.6671875 0.5953125 0.66875 0.6 0.6796875 0.6 0.690625 0.5921875 0.696875 0.58125 0.6890625
0 0.5859375 0.6921875 0.590625 0.696875 0.59375 0.7046875 0.59375 0.725 0.590625 0.734375 0.5875 0.734375 0.5875 0.7296875 0.5828125 0.721875 0.5734375 0.721875 0.5703125 0.725 0.56875 0.7234375 0.56875 0.709375 0.5734375 0.6953125 0.578125 0.690625 0.584375 0.6921875
0 0.584375 0.1671875 0.5890625 0.1671875 0.59375 0.175 0.5921875 0.184375 0.584375 0.1859375 0.58125 0.1796875 0.58125 0.1734375 0.584375 0.16875
0 0.428125 0.346875 0.434375 0.353125 0.4359375 0.3625 0.434375 0.3765625 0.425 0.3796875 0.41875 0.3734375 0.41875 0.35625 0.421875 0.35 0.4265625 0.3484375