1 0.1671875 0.4046875 0.165625 0.3921875 0.16875 0.3875 0.19375 0.384375 0.196875 0.3859375 0.196875 0.4 0.1921875 0.4046875 0.1890625 0.40625 0.16875 0.4046875
1 0.4640625 0.5265625 0.465625 0.5359375 0.4625 0.5484375 0.459375 0.553125 0.453125 0.55625 0.3859375 0.5546875 0.3875 0.534375 0.3921875 0.528125 0.4625 0.5265625
2 0.2640625 0.27734375 0.01875 0.0234375
2 0.2828125 0.0625 0.2890625 0.0671875 0.2921875 0.0765625 0.2921875 0.1078125 0.29375 0.109375 0.29375 0.1375 0.2921875 0.146875 0.2859375 0.1609375 0.2796875 0.1609375 0.271875 0.1546875 0.265625 0.1484375 0.2609375 0.1375 0.2625 0.084375 0.265625 0.0671875 0.2703125 0.0625 0.28125 0.0625
2 0.9890625 0.1171875 0.9953125 0.1203125 0.9984375 0.1296875 0.9984375 0.1921875 0.990625 0.196875 0.984375 0.196875 0.978125 0.190625 0.975 0.1828125 0.9765625 0.1734375 0.975 0.16875 0.975 0.121875 0.978125 0.11875 0.9875 0.1171875
2 0.5109375 0.3828125 0.5171875 0.3890625 0.51875 0.39375 0.5171875 0.4015625 0.509375 0.4109375 0.5 0.4171875 0.4921875 0.415625 0.490625 0.4109375 0.4921875 0.4015625 0.4984375 0.390625 0.5046875 0.384375 0.509375 0.3828125
2 0.6828125 0.0671875 0.6875 0.078125 0.6875 0.1484375 0.684375 0.1546875 0.6796875 0.1578125 0.6671875 0.159375 0.6578125 0.1578125 0.653125 0.146875 0.6546875 0.078125 0.65625 0.071875 0.6625 0.065625 0.675 0.0640625 0.68125 0.0671875
2 0.83203125 0.30546875 0.0265625 0.0296875
0 0.934375 0.14375 0.9453125 0.153125 0.95 0.1625 0.953125 0.1875 0.9484375 0.2 0.9421875 0.1890625 0.93125 0.1890625 0.921875 0.196875 0.9171875 0.20625 0.91875 0.2296875 0.921875 0.2375 0.9171875 0.2359375 0.909375 0.221875 0.9015625 0.19375 0.9015625 0.1796875 0.9125 0.153125 0.9203125 0.1453125 0.9328125 0.14375
0 0.2140625 0.1671875 0.2203125 0.175 0.225 0.1875 0.2234375 0.215625 0.2203125 0.221875 0.20625 0.209375 0.1875 0.1984375 0.1890625 0.178125 0.1921875 0.171875 0.2046875 0.1640625 0.2125 0.1671875
0 0.9734375 0.134375 0.975 0.1421875 0.9734375 0.18125 0.9625 0.171875 0.9546875 0.1703125 0.95 0.1578125 0.9515625 0.1453125 0.95625 0.1390625 0.9640625 0.134375 0.971875 0.134375