1 0.6890625 0.690625 0.6953125 0.690625 0.70625 0.7 0.7015625 0.7375 0.696875 0.7546875 0.6953125 0.7578125 0.6859375 0.7578125 0.6796875 0.7515625 0.6796875 0.740625 0.6890625 0.7 0.6890625 0.6921875
1 0.3453125 0.61875 0.3484375 0.625 0.35 0.6375 0.35 0.6578125 0.3484375 0.659375 0.3203125 0.6609375 0.2859375 0.671875 0.278125 0.671875 0.2734375 0.6671875 0.2703125 0.634375 0.275 0.6296875 0.2828125 0.6296875 0.29375 0.625 0.3 0.625 0.3203125 0.61875 0.34375 0.61875
1 0.115625 0.4421875 0.1484375 0.4421875 0.165625 0.4390625 0.1828125 0.4390625 0.1859375 0.4484375 0.1859375 0.478125 0.18125 0.4859375 0.121875 0.490625 0.1171875 0.478125 0.115625 0.44375
1 0.440625 0.4484375 0.44375 0.4625 0.44375 0.48125 0.440625 0.4921875 0.4296875 0.4921875 0.4125 0.4875 0.3890625 0.4875 0.39375 0.471875 0.39375 0.4546875 0.396875 0.4515625 0.4046875 0.4546875 0.41875 0.4546875 0.43125 0.4484375 0.4390625 0.4484375
2 0.37734375 0.46484375 0.0328125 0.0546875
2 0.0796875 0.25 0.0875 0.2578125 0.090625 0.26875 0.090625 0.2859375 0.0859375 0.290625 0.0765625 0.290625 0.06875 0.2875 0.0625 0.28125 0.0609375 0.2765625 0.0625 0.2515625 0.065625 0.2484375 0.078125 0.25
2 0.9734375 0.2671875 0.9765625 0.26875 0.978125 0.2828125 0.971875 0.3140625 0.965625 0.328125 0.9609375 0.328125 0.9578125 0.3203125 0.9640625 0.2890625 0.9734375 0.26875
2 0.884375 0.403125 0.8921875 0.4140625 0.89375 0.4265625 0.8890625 0.434375 0.878125 0.44375 0.8703125 0.4421875 0.8671875 0.4375 0.8625 0.41875 0.871875 0.40625 0.8828125 0.403125
2 0.3265625 0.2140625 0.334375 0.221875 0.334375 0.2453125 0.30625 0.23125 0.30625 0.2203125 0.3109375 0.215625 0.325 0.2140625
2 0.221875 0.2390625 0.2265625 0.24375 0.228125 0.2515625 0.2265625 0.2734375 0.2203125 0.28125 0.2078125 0.284375 0.2015625 0.284375 0.1984375 0.28125 0.196875 0.275 0.1984375 0.2578125 0.203125 0.246875 0.209375 0.240625 0.2203125 0.2390625
2 0.215625 0.465625 0.228125 0.475 0.23125 0.4828125 0.2328125 0.5015625 0.23125 0.5109375 0.2265625 0.5171875 0.21875 0.5171875 0.20625 0.5109375 0.2 0.5046875 0.196875 0.4953125 0.1984375 0.4703125 0.2046875 0.4640625 0.2140625 0.465625
2 0.5046875 0.2078125 0.509375 0.2125 0.5046875 0.2375 0.4984375 0.24375 0.4875 0.2484375 0.484375 0.2484375 0.475 0.240625 0.4765625 0.2203125 0.4875 0.209375 0.503125 0.2078125