1 0.0921875 0.9125 0.0984375 0.91875 0.1 0.921875 0.0984375 0.925 0.0796875 0.9203125 0.0828125 0.90625 0.090625 0.9125
1 0.525 0.565625 0.55 0.5734375 0.553125 0.575 0.5546875 0.5796875 0.5546875 0.5890625 0.5484375 0.5890625 0.5296875 0.58125 0.5234375 0.5765625 0.525 0.5671875
2 0.3796875 0.4734375 0.378125 0.4640625 0.3828125 0.4609375 0.3859375 0.465625 0.384375 0.4703125 0.38125 0.471875
2 0.6453125 0.434375 0.65 0.440625 0.65 0.45 0.6453125 0.45625 0.6359375 0.459375 0.6328125 0.4578125 0.6328125 0.44375 0.6390625 0.434375 0.64375 0.434375
2 0.521875 0.3984375 0.5234375 0.4 0.521875 0.4234375 0.5109375 0.4125 0.5109375 0.4015625 0.5171875 0.396875 0.5203125 0.3984375
0 0.434375 0.8203125 0.4390625 0.8234375 0.44375 0.834375 0.4421875 0.8578125 0.4390625 0.8640625 0.434375 0.8671875 0.41875 0.8640625 0.415625 0.859375 0.4171875 0.834375 0.425 0.8203125 0.4328125 0.8203125
0 0.6609375 0.1015625 0.6640625 0.10625 0.6640625 0.1140625 0.6609375 0.1203125 0.65625 0.1203125 0.6515625 0.115625 0.653125 0.10625 0.659375 0.1015625
0 0.2265625 0.365625 0.23125 0.375 0.2296875 0.3875 0.2265625 0.3921875 0.2203125 0.3921875 0.215625 0.3890625 0.215625 0.371875 0.2203125 0.365625 0.225 0.365625
0 0.559375 0.2046875 0.5640625 0.2046875 0.5671875 0.2109375 0.5671875 0.228125 0.5640625 0.234375 0.559375 0.2359375 0.553125 0.228125 0.553125 0.2171875 0.559375 0.20625
0 0.4421875 0.828125 0.4359375 0.8203125 0.4328125 0.81875 0.4234375 0.8203125 0.4171875 0.815625 0.41875 0.8015625 0.425 0.790625 0.4328125 0.784375 0.44375 0.784375 0.4484375 0.7890625 0.4515625 0.815625 0.4484375 0.825 0.44375 0.828125
0 0.128125 0.7234375 0.1328125 0.7296875 0.1359375 0.7546875 0.1328125 0.765625 0.128125 0.7703125 0.1203125 0.7734375 0.1171875 0.7734375 0.1109375 0.7671875 0.1078125 0.75 0.115625 0.728125 0.121875 0.7234375 0.1265625 0.7234375
0 0.3453125 0.4359375 0.3484375 0.440625 0.35 0.45 0.35 0.4671875 0.3453125 0.4703125 0.3359375 0.4703125 0.3328125 0.4671875 0.3328125 0.4421875 0.3390625 0.4359375 0.34375 0.4359375
0 0.325 0.4359375 0.3328125 0.4453125 0.33125 0.465625 0.3265625 0.4765625 0.3140625 0.471875 0.3109375 0.465625 0.3125 0.44375 0.315625 0.4375 0.3234375 0.4359375
0 0.434375 0.2515625 0.4328125 0.2421875 0.4359375 0.2375 0.440625 0.2375 0.4453125 0.24375 0.4453125 0.2515625 0.4421875 0.25625 0.4359375 0.2515625
0 0.5578125 0.2125 0.565625 0.2203125 0.5671875 0.228125 0.5640625 0.2359375 0.559375 0.2375 0.553125 0.2296875 0.553125 0.21875 0.55625 0.2140625
0 0.725 0.028125 0.7265625 0.0390625 0.7203125 0.0390625 0.7203125 0.0296875 0.7234375 0.028125
0 0.8125 0.0875 0.815625 0.09375 0.8125 0.0984375 0.8078125 0.096875 0.8078125 0.0890625 0.8109375 0.0875