1 0.853125 0.3015625 0.8671875 0.3046875 0.86875 0.30625 0.8671875 0.315625 0.85 0.3125 0.8484375 0.303125 0.8515625 0.3015625
1 0.1421875 0.7734375 0.153125 0.7734375 0.1578125 0.775 0.159375 0.778125 0.15625 0.790625 0.15 0.7921875 0.140625 0.784375 0.1421875 0.775
1 0.6609375 0.1703125 0.66875 0.175 0.6671875 0.1828125 0.6578125 0.1828125 0.65 0.1796875 0.65 0.171875 0.659375 0.1703125
2 0.5453125 0.3015625 0.5515625 0.303125 0.55 0.3078125 0.5453125 0.3078125 0.5453125 0.303125
2 0.434375 0.209375 0.4359375 0.21875 0.4328125 0.221875 0.4296875 0.2203125 0.4296875 0.2140625 0.4328125 0.2109375
2 0.515625 0.425 0.51875 0.4296875 0.515625 0.4390625 0.5109375 0.4375 0.509375 0.4328125 0.5109375 0.4265625 0.5140625 0.425
2 0.359375 0.809375 0.3703125 0.8109375 0.3765625 0.8203125 0.3765625 0.8375 0.371875 0.8515625 0.36875 0.8515625 0.3609375 0.840625 0.3578125 0.83125 0.3578125 0.8125 0.359375 0.8109375
2 0.825 0.228125 0.8296875 0.2296875 0.828125 0.2421875 0.8234375 0.2375 0.825 0.2296875
2 0.896875 0.2390625 0.8984375 0.2515625 0.89375 0.253125 0.8953125 0.240625
2 0.61640625 0.37109375 0.0078125 0.0109375
2 0.5671875 0.9046875 0.575 0.9078125 0.578125 0.9125 0.5765625 0.925 0.5734375 0.93125 0.5640625 0.940625 0.55625 0.94375 0.546875 0.9390625 0.546875 0.9203125 0.5546875 0.9046875 0.565625 0.9046875
2 0.7171875 0.1359375 0.715625 0.128125 0.71875 0.125 0.7234375 0.128125 0.7234375 0.134375 0.71875 0.1359375
2 0.8 0.221875 0.8015625 0.2265625 0.796875 0.228125 0.7984375 0.2234375
0 0.64375 0.0859375 0.6484375 0.090625 0.65 0.0984375 0.6484375 0.1015625 0.646875 0.103125 0.6390625 0.1015625 0.6390625 0.09375 0.6421875 0.0875
0 0.784375 0.184375 0.790625 0.184375 0.79375 0.1890625 0.7921875 0.2 0.7875 0.2046875 0.784375 0.203125 0.7828125 0.196875 0.784375 0.1859375
0 0.490625 0.390625 0.49375 0.396875 0.490625 0.4171875 0.4875 0.4171875 0.4875 0.409375 0.4796875 0.4015625 0.48125 0.39375 0.484375 0.390625 0.4890625 0.390625
0 0.7640625 0.253125 0.7640625 0.2390625 0.7671875 0.2328125 0.7703125 0.234375 0.7703125 0.2515625 0.765625 0.253125
0 0.184375 0.5796875 0.19375 0.5875 0.19375 0.5953125 0.1890625 0.60625 0.18125 0.6109375 0.1765625 0.6109375 0.1734375 0.6078125 0.1734375 0.5875 0.178125 0.58125 0.1828125 0.5796875
0 0.34375 0.51171875 0.025 0.0390625
0 0.696875 0.290625 0.6953125 0.2734375 0.7 0.265625 0.7046875 0.265625 0.709375 0.2734375 0.709375 0.2875 0.7015625 0.2921875 0.6984375 0.290625
0 0.7109375 0.0234375 0.709375 0.01875 0.7125 0.0140625 0.715625 0.015625 0.715625 0.0234375 0.7125 0.0234375
0 0.765625 0.0828125 0.7671875 0.0703125 0.771875 0.0703125 0.7734375 0.0734375 0.7734375 0.0828125 0.7671875 0.0828125
0 0.803125 0.090625 0.80625 0.0953125 0.80625 0.1015625 0.7984375 0.1 0.7984375 0.09375 0.8015625 0.0921875
0 0.64375 0.325 0.646875 0.328125 0.6484375 0.3375 0.646875 0.3453125 0.6375 0.340625 0.6359375 0.3375 0.6359375 0.33125 0.6421875 0.325
0 0.5265625 0.28828125 0.015625 0.0265625
0 0.4796875 0.4015625 0.4859375 0.4078125 0.484375 0.434375 0.4796875 0.4390625 0.4703125 0.4375 0.465625 0.4296875 0.4671875 0.4109375 0.4703125 0.40625 0.478125 0.4015625
0 0.59453125 0.134375 0.0109375 0.01875
0 0.371875 0.3859375 0.378125 0.39375 0.378125 0.403125 0.375 0.4109375 0.371875 0.4125 0.3625 0.4109375 0.3609375 0.4078125 0.3625 0.3890625 0.365625 0.3859375 0.3703125 0.3859375
0 0.3359375 0.5203125 0.3453125 0.5296875 0.346875 0.5390625 0.3421875 0.55 0.3328125 0.5578125 0.328125 0.5578125 0.325 0.553125 0.3234375 0.528125 0.3265625 0.521875 0.334375 0.5203125