1 0.853125 0.3015625 0.8671875 0.3046875 0.86875 0.315625 0.85 0.3125 0.8484375 0.303125 0.8515625 0.3015625
1 0.3078125 0.6171875 0.315625 0.621875 0.3390625 0.625 0.3421875 0.628125 0.3421875 0.6359375 0.3375 0.64375 0.3296875 0.64375 0.325 0.640625 0.3078125 0.6375 0.303125 0.6328125 0.303125 0.61875 0.30625 0.6171875
1 0.7390625 0.2234375 0.75 0.225 0.7578125 0.2296875 0.75625 0.2359375 0.7453125 0.2359375 0.740625 0.234375 0.7390625 0.225
2 0.4765625 0.446875 0.4828125 0.446875 0.4859375 0.45 0.4859375 0.459375 0.4796875 0.4625 0.475 0.45625 0.4765625 0.4484375
2 0.896875 0.2390625 0.9 0.24375 0.8984375 0.2515625 0.89375 0.253125 0.8953125 0.240625
2 0.434375 0.209375 0.4359375 0.21875 0.434375 0.2203125 0.4296875 0.21875 0.4296875 0.2140625 0.4328125 0.2109375
2 0.30078125 0.81796875 0.0109375 0.0203125
2 0.825 0.240625 0.8265625 0.2265625 0.8296875 0.2296875 0.8296875 0.2390625 0.8265625 0.240625
0 0.2578125 0.7953125 0.034375 0.05625
0 0.6328125 0.5671875 0.6390625 0.5671875 0.6421875 0.5703125 0.64375 0.578125 0.6421875 0.5953125 0.6296875 0.59375 0.6265625 0.5875 0.6296875 0.5734375 0.6328125 0.56875
0 0.646875 0.1 0.6515625 0.0984375 0.6578125 0.109375 0.6546875 0.1140625 0.640625 0.1125 0.6421875 0.10625 0.646875 0.1015625