1 0.3796875 0.7484375 0.3890625 0.753125 0.390625 0.75625 0.3890625 0.76875 0.3796875 0.76875 0.36875 0.7640625 0.3703125 0.7484375 0.371875 0.746875 0.378125 0.7484375
1 0.7234375 0.778125 0.7421875 0.78125 0.7484375 0.7859375 0.746875 0.796875 0.740625 0.8 0.734375 0.79375 0.7234375 0.7921875 0.7234375 0.7796875
1 0.121875 0.83125 0.1265625 0.83125 0.134375 0.8359375 0.134375 0.8484375 0.1296875 0.85 0.121875 0.8421875 0.1203125 0.834375 0.121875 0.8328125
1 0.2625 0.55 0.26875 0.55 0.278125 0.5609375 0.2765625 0.5671875 0.271875 0.56875 0.2625 0.5578125 0.2625 0.5515625
1 0.6171875 0.9359375 0.628125 0.9375 0.6328125 0.940625 0.6421875 0.9421875 0.6453125 0.9453125 0.6453125 0.9578125 0.64375 0.9609375 0.6375 0.9609375 0.615625 0.9484375 0.6171875 0.9375
0 0.8265625 0.09375 0.83125 0.09375 0.834375 0.0984375 0.834375 0.1046875 0.83125 0.1078125 0.8265625 0.1078125 0.825 0.10625 0.8265625 0.0953125
0 0.1671875 0.6203125 0.1703125 0.625 0.171875 0.6375 0.1703125 0.640625 0.1640625 0.6421875 0.15 0.6421875 0.15 0.6296875 0.1546875 0.621875 0.165625 0.6203125
0 0.4203125 0.571875 0.425 0.5734375 0.43125 0.5828125 0.4328125 0.59375 0.4296875 0.6078125 0.428125 0.609375 0.425 0.6078125 0.425 0.6 0.4203125 0.59375 0.409375 0.590625 0.409375 0.584375 0.4125 0.578125 0.41875 0.5734375
0 0.7515625 0.6078125 0.759375 0.621875 0.7578125 0.64375 0.75 0.64375 0.7421875 0.640625 0.7375 0.6328125 0.7390625 0.615625 0.7453125 0.6078125 0.75 0.6078125
0 0.7953125 0.046875 0.7890625 0.04375 0.790625 0.0390625 0.7953125 0.0359375 0.796875 0.0453125
0 0.2953125 0.4359375 0.29375 0.4125 0.3 0.4046875 0.3046875 0.4046875 0.3078125 0.4078125 0.309375 0.4140625 0.3078125 0.434375 0.30625 0.4390625 0.296875 0.4359375
0 0.1453125 0.64375 0.1515625 0.6546875 0.1515625 0.66875 0.1484375 0.6734375 0.15 0.678125 0.1484375 0.6875 0.14375 0.690625 0.128125 0.6890625 0.1234375 0.6765625 0.1234375 0.6609375 0.128125 0.65 0.1359375 0.64375 0.14375 0.64375
0 0.2859375 0.4171875 0.290625 0.41875 0.29375 0.4234375 0.290625 0.4421875 0.284375 0.4453125 0.28125 0.4390625 0.2796875 0.425 0.28125 0.4203125 0.284375 0.41875
0 0.33125 0.51875 0.3328125 0.5203125 0.3375 0.51875 0.340625 0.521875 0.340625 0.534375 0.3328125 0.55 0.325 0.55 0.321875 0.546875 0.3234375 0.525 0.3265625 0.5203125 0.3296875 0.5203125
0 0.834375 0.078125 0.8359375 0.0734375 0.840625 0.0703125 0.84375 0.0734375 0.84375 0.08125 0.8375 0.0828125 0.8359375 0.0796875
0 0.69375 0.365625 0.7 0.371875 0.7 0.384375 0.6984375 0.3875 0.6921875 0.384375 0.684375 0.39375 0.6828125 0.39375 0.6828125 0.375 0.6859375 0.3671875 0.6921875 0.365625
0 0.709375 0.1296875 0.009375 0.015625
0 0.64375 0.790625 0.640625 0.7765625 0.6421875 0.75625 0.65 0.74375 0.6578125 0.74375 0.665625 0.75625 0.66875 0.765625 0.66875 0.7828125 0.6671875 0.7875 0.65625 0.7859375 0.65 0.7875 0.646875 0.7921875 0.6453125 0.790625
0 0.7265625 0.471875 0.73125 0.4703125 0.734375 0.4734375 0.7375 0.4875 0.7296875 0.4890625 0.7265625 0.4921875 0.7234375 0.4890625 0.7234375 0.4796875 0.7265625 0.4734375