1 0.4 0.3515625 0.41875 0.35625 0.421875 0.3578125 0.4234375 0.3625 0.421875 0.36875 0.40625 0.365625 0.4 0.3609375 0.4 0.353125
1 0.29375 0.3828125 0.2953125 0.378125 0.303125 0.371875 0.3046875 0.375 0.303125 0.3875 0.296875 0.390625 0.2953125 0.384375
1 0.684375 0.5125 0.6875 0.5171875 0.6875 0.521875 0.6828125 0.528125 0.678125 0.528125 0.66875 0.5234375 0.6703125 0.5109375 0.6828125 0.5125
0 0.709375 0.3796875 0.01875 0.028125
0 0.490625 0.1390625 0.4953125 0.1375 0.5015625 0.1421875 0.5015625 0.1515625 0.4984375 0.159375 0.490625 0.1609375 0.4875 0.1546875 0.4875 0.14375 0.490625 0.140625
0 0.4859375 0.1 0.4890625 0.1046875 0.4890625 0.1109375 0.4859375 0.1140625 0.4796875 0.1109375 0.4796875 0.1046875 0.484375 0.1
0 0.675 0.29375 0.6828125 0.2921875 0.6859375 0.29375 0.6875 0.2984375 0.6875 0.3109375 0.684375 0.3125 0.68125 0.3078125 0.675 0.3109375 0.6734375 0.309375 0.675 0.2953125
0 0.7609375 0.165625 0.7625 0.1671875 0.7609375 0.178125 0.7578125 0.178125 0.759375 0.1671875
0 0.75 0.3125 0.759375 0.321875 0.759375 0.3265625 0.753125 0.334375 0.746875 0.334375 0.740625 0.3265625 0.740625 0.3171875 0.7484375 0.3125
0 0.6984375 0.3828125 0.7046875 0.3921875 0.703125 0.396875 0.7046875 0.4 0.7015625 0.415625 0.6953125 0.421875 0.690625 0.415625 0.690625 0.3921875 0.6921875 0.3859375 0.696875 0.3828125
0 0.58125 0.0875 0.5859375 0.096875 0.5859375 0.103125 0.58125 0.1078125 0.578125 0.1078125 0.575 0.103125 0.575 0.090625 0.5796875 0.0875
0 0.7578125 0.2640625 0.759375 0.2671875 0.7578125 0.2765625 0.7546875 0.2734375 0.7484375 0.275 0.7484375 0.265625 0.753125 0.2625 0.75625 0.2640625