1 0.1015625 0.6640625 0.1171875 0.6734375 0.115625 0.6859375 0.1 0.675 0.1 0.665625
1 0.853125 0.3015625 0.8671875 0.3046875 0.8703125 0.3078125 0.86875 0.315625 0.85 0.3125 0.8484375 0.303125 0.8515625 0.3015625
1 0.621875 0.125 0.6359375 0.1265625 0.634375 0.134375 0.621875 0.1328125 0.621875 0.1265625
2 0.896875 0.2390625 0.9 0.24375 0.8984375 0.2515625 0.896875 0.253125 0.89375 0.2515625 0.8953125 0.240625
2 0.4359375 0.209375 0.4375 0.215625 0.4328125 0.221875 0.4296875 0.2203125 0.4296875 0.215625 0.43125 0.2109375 0.434375 0.209375
2 0.825 0.240625 0.8265625 0.228125 0.8296875 0.2296875 0.8296875 0.2390625 0.8265625 0.240625
0 0.8421875 0.03125 0.8484375 0.0328125 0.8484375 0.0421875 0.8453125 0.04375 0.8421875 0.0421875 0.8421875 0.0328125
0 0.7171875 0.271875 0.71875 0.265625 0.721875 0.2625 0.7265625 0.2625 0.728125 0.275 0.725 0.2765625 0.71875 0.2734375
0 0.65625 0.13828125 0.0125 0.0203125
0 0.053125 0.8390625 0.0515625 0.8328125 0.0453125 0.825 0.04375 0.809375 0.05 0.7921875 0.05625 0.7859375 0.0640625 0.7859375 0.0703125 0.7921875 0.0734375 0.803125 0.0734375 0.825 0.0671875 0.840625 0.0625 0.8421875 0.0546875 0.8390625
0 0.7046875 0.1171875 0.709375 0.1265625 0.709375 0.1375 0.70625 0.1390625 0.6984375 0.134375 0.6984375 0.121875 0.703125 0.1171875
0 0.684375 0.075 0.6859375 0.0765625 0.684375 0.0890625 0.678125 0.0859375 0.6796875 0.0765625 0.6828125 0.075
0 0.7234375 0.06875 0.725 0.08125 0.715625 0.0796875 0.715625 0.0734375 0.721875 0.06875
0 0.1375 0.5 0.1484375 0.4984375 0.153125 0.5015625 0.15625 0.5078125 0.1546875 0.5296875 0.153125 0.5328125 0.146875 0.5328125 0.1421875 0.5296875 0.1375 0.5296875 0.134375 0.525 0.134375 0.509375 0.1375 0.5015625