1 0.5140625 0.2640625 0.525 0.265625 0.525 0.271875 0.521875 0.2734375 0.515625 0.2734375 0.5140625 0.265625
1 0.6515625 0.484375 0.6703125 0.490625 0.671875 0.5 0.66875 0.5046875 0.6421875 0.496875 0.6421875 0.484375 0.64375 0.4828125 0.65 0.484375
2 0.596875 0.334375 0.6 0.3328125 0.6046875 0.334375 0.6046875 0.3625 0.6015625 0.365625 0.5984375 0.365625 0.5953125 0.359375 0.5953125 0.3375 0.596875 0.3359375
2 0.3859375 0.7453125 0.3921875 0.7453125 0.396875 0.7484375 0.3984375 0.753125 0.3984375 0.76875 0.396875 0.7703125 0.3984375 0.775 0.3953125 0.7796875 0.3828125 0.7625 0.3828125 0.7515625 0.3859375 0.746875
2 0.8609375 0.2234375 0.8640625 0.2265625 0.8640625 0.2328125 0.8609375 0.234375 0.8578125 0.23125 0.859375 0.225
2 0.56875 0.81875 0.571875 0.825 0.5703125 0.8390625 0.5671875 0.8421875 0.553125 0.8453125 0.546875 0.84375 0.546875 0.8359375 0.5515625 0.8203125 0.5546875 0.8171875 0.5671875 0.81875
0 0.896875 0.146875 0.9015625 0.153125 0.9015625 0.1640625 0.8984375 0.1671875 0.890625 0.1640625 0.890625 0.153125 0.8953125 0.1484375
0 0.3859375 0.5140625 0.3921875 0.525 0.3921875 0.5375 0.3859375 0.5484375 0.3765625 0.546875 0.371875 0.540625 0.3734375 0.521875 0.3796875 0.5140625 0.384375 0.5140625
0 0.7453125 0.528125 0.75 0.5359375 0.75 0.5578125 0.746875 0.5625 0.74375 0.559375 0.734375 0.5578125 0.73125 0.553125 0.7328125 0.5359375 0.7390625 0.528125 0.74375 0.528125
0 0.34375 0.4015625 0.34375 0.3890625 0.3484375 0.3828125 0.353125 0.3828125 0.359375 0.3890625 0.359375 0.39375 0.3515625 0.403125 0.3453125 0.4015625
0 0.796875 0.1828125 0.8 0.184375 0.8015625 0.1890625 0.8015625 0.1953125 0.796875 0.203125 0.79375 0.203125 0.7890625 0.196875 0.790625 0.1859375 0.7953125 0.1828125
0 0.20625 0.3796875 0.2109375 0.3875 0.209375 0.4015625 0.196875 0.4015625 0.1921875 0.39375 0.19375 0.3828125 0.196875 0.3796875 0.2046875 0.3796875
0 0.925 0.146875 0.9296875 0.15 0.928125 0.1609375 0.91875 0.159375 0.91875 0.15 0.9234375 0.146875
0 0.528125 0.184375 0.015625 0.025
0 0.6125 0.146875 0.6171875 0.146875 0.61875 0.15 0.61875 0.1640625 0.6125 0.1640625 0.609375 0.1625 0.609375 0.153125 0.6125 0.1484375