1 0.31484375 0.57734375 0.0140625 0.0171875
1 0.696875 0.35625 0.7140625 0.3609375 0.715625 0.3625 0.7140625 0.3734375 0.6921875 0.36875 0.6921875 0.3578125 0.6953125 0.35625
1 0.1609375 0.4828125 0.1625 0.4859375 0.1609375 0.4984375 0.1546875 0.4984375 0.15 0.49375 0.1515625 0.4859375 0.1546875 0.4828125 0.159375 0.4828125
1 0.534375 0.7625 0.5359375 0.7640625 0.534375 0.778125 0.5109375 0.7734375 0.5 0.7625 0.5015625 0.7546875 0.5328125 0.7625
1 0.284375 0.5828125 0.2890625 0.5859375 0.2875 0.596875 0.2796875 0.596875 0.2734375 0.590625 0.275 0.5828125 0.2828125 0.5828125
2 0.4921875 0.5625 0.4953125 0.565625 0.4953125 0.584375 0.49375 0.5859375 0.4828125 0.578125 0.4828125 0.5671875 0.4859375 0.5625 0.490625 0.5625
2 0.6328125 0.609375 0.6390625 0.615625 0.6390625 0.6265625 0.6375 0.6296875 0.6265625 0.6328125 0.61875 0.63125 0.61875 0.6234375 0.621875 0.6140625 0.6265625 0.609375 0.63125 0.609375
2 0.6609375 0.234375 0.6609375 0.259375 0.659375 0.2609375 0.65625 0.2609375 0.653125 0.25625 0.653125 0.2390625 0.65625 0.2328125 0.659375 0.234375
0 0.925 0.146875 0.9296875 0.15 0.9296875 0.159375 0.9265625 0.1625 0.921875 0.1625 0.91875 0.159375 0.91875 0.1515625 0.9203125 0.1484375 0.9234375 0.1484375
0 0.82734375 0.1921875 0.0109375 0.025
0 0.45625 0.4359375 0.4625 0.440625 0.4640625 0.4453125 0.4625 0.459375 0.4546875 0.453125 0.4484375 0.4546875 0.446875 0.45 0.4484375 0.4421875 0.4546875 0.4359375
0 0.7796875 0.396875 0.7796875 0.390625 0.784375 0.3828125 0.7890625 0.3828125 0.7921875 0.3859375 0.79375 0.396875 0.7921875 0.3984375 0.78125 0.396875
0 0.1140625 0.3703125 0.1171875 0.371875 0.1203125 0.378125 0.121875 0.3875 0.11875 0.396875 0.1109375 0.403125 0.10625 0.4015625 0.0984375 0.3828125 0.1 0.3765625 0.1046875 0.371875 0.1125 0.3703125
0 0.6390625 0.9109375 0.64375 0.915625 0.6453125 0.921875 0.640625 0.925 0.6390625 0.9390625 0.6328125 0.9421875 0.6375 0.9484375 0.6390625 0.946875 0.646875 0.9484375 0.646875 0.9609375 0.640625 0.9671875 0.6265625 0.965625 0.621875 0.9609375 0.61875 0.95 0.621875 0.921875 0.6296875 0.9125 0.6375 0.9109375
0 0.6671875 0.084375 0.665625 0.0765625 0.6703125 0.06875 0.675 0.0734375 0.675 0.0828125 0.671875 0.0859375 0.66875 0.084375
0 0.896875 0.15 0.9015625 0.153125 0.903125 0.1578125 0.9015625 0.165625 0.8953125 0.16875 0.890625 0.1640625 0.8921875 0.1546875 0.8953125 0.1515625