1 0.2796875 0.8578125 0.284375 0.8578125 0.3015625 0.8703125 0.3 0.8828125 0.2921875 0.884375 0.278125 0.8765625 0.2765625 0.871875 0.2796875 0.859375
1 0.3828125 0.31875 0.39375 0.3203125 0.39375 0.328125 0.3890625 0.33125 0.3828125 0.33125 0.3828125 0.3203125
1 0.0328125 0.62109375 0.021875 0.0296875
1 0.6125 0.534375 0.6203125 0.540625 0.6203125 0.5453125 0.615625 0.55 0.6 0.5453125 0.6 0.534375 0.6015625 0.5328125 0.6109375 0.534375
1 0.1078125 0.4640625 0.109375 0.4765625 0.0984375 0.4875 0.09375 0.478125 0.1 0.46875 0.10625 0.4640625
1 0.0578125 0.5703125 0.071875 0.559375 0.0765625 0.5671875 0.075 0.575 0.0625 0.5859375 0.05625 0.5828125 0.0578125 0.571875
1 0.4125 0.509375 0.4234375 0.5109375 0.4375 0.521875 0.4375 0.5359375 0.434375 0.5390625 0.409375 0.53125 0.40625 0.528125 0.40625 0.5125 0.4109375 0.509375
2 0.7796875 0.6875 0.015625 0.04375
2 0.9484375 0.703125 0.95 0.70625 0.9484375 0.7234375 0.94375 0.734375 0.934375 0.740625 0.934375 0.7203125 0.9390625 0.709375 0.946875 0.7046875
2 0.396875 0.259375 0.4015625 0.2625 0.4015625 0.26875 0.396875 0.271875 0.39375 0.26875 0.3953125 0.2609375
0 0.33125 0.6421875 0.3390625 0.6453125 0.34375 0.653125 0.3375 0.6796875 0.33125 0.6890625 0.3203125 0.6859375 0.315625 0.671875 0.31875 0.6515625 0.325 0.6421875 0.3296875 0.6421875
0 0.63125 0.0921875 0.6375 0.0984375 0.6375 0.10625 0.6328125 0.1109375 0.625 0.1078125 0.625 0.0953125 0.6296875 0.0921875