1 0.86875 0.3046875 0.8671875 0.315625 0.8484375 0.3109375 0.85 0.3015625 0.8671875 0.3046875
1 0.221875 0.66875 0.228125 0.66875 0.240625 0.678125 0.2390625 0.6890625 0.2328125 0.6890625 0.2234375 0.6796875 0.221875 0.6703125
1 0.4859375 0.3828125 0.496875 0.3921875 0.4953125 0.403125 0.4828125 0.403125 0.4734375 0.396875 0.4734375 0.3875 0.4796875 0.3828125 0.484375 0.3828125
1 0.5484375 0.9828125 0.5625 0.990625 0.5703125 0.9921875 0.5703125 0.9984375 0.540625 0.9984375 0.5390625 0.996875 0.540625 0.984375 0.546875 0.9828125
1 0.6890625 0.3453125 0.6921875 0.3484375 0.690625 0.35625 0.68125 0.35625 0.6765625 0.353125 0.678125 0.34375 0.6875 0.3453125
1 0.6875 0.1390625 0.690625 0.14375 0.6890625 0.1484375 0.675 0.146875 0.6734375 0.14375 0.6765625 0.1375 0.6859375 0.1390625
2 0.43359375 0.21640625 0.0078125 0.0140625
2 0.5953125 0.28125 0.596875 0.284375 0.5953125 0.29375 0.590625 0.2921875 0.590625 0.2828125 0.59375 0.28125
2 0.825 0.228125 0.8296875 0.2296875 0.828125 0.2421875 0.825 0.240625 0.8234375 0.2359375 0.825 0.2296875
2 0.896875 0.2390625 0.9 0.24375 0.8984375 0.2515625 0.89375 0.253125 0.8953125 0.240625
2 0.521875 0.6625 0.528125 0.6734375 0.528125 0.684375 0.5234375 0.68125 0.5203125 0.675 0.5203125 0.6640625
0 0.603125 0.121875 0.6078125 0.1265625 0.609375 0.1328125 0.6078125 0.1375 0.6015625 0.140625 0.5984375 0.1390625 0.596875 0.1296875 0.5984375 0.1234375 0.6015625 0.121875
0 0.69609375 0.275 0.0109375 0.015625
0 0.3578125 0.8421875 0.3609375 0.840625 0.371875 0.8421875 0.3765625 0.846875 0.3796875 0.8578125 0.3796875 0.875 0.3765625 0.890625 0.371875 0.8953125 0.359375 0.8890625 0.353125 0.8890625 0.35 0.8859375 0.35 0.8671875 0.3484375 0.865625 0.35 0.8578125 0.3578125 0.84375
0 0.571875 0.6046875 0.5765625 0.6140625 0.575 0.6390625 0.5625 0.659375 0.5578125 0.65625 0.55625 0.646875 0.553125 0.6421875 0.5515625 0.61875 0.55625 0.6078125 0.5609375 0.603125 0.5703125 0.6046875
0 0.5765625 0.7984375 0.5796875 0.796875 0.5875 0.7984375 0.59375 0.8078125 0.5953125 0.815625 0.5953125 0.8296875 0.5890625 0.8421875 0.5859375 0.8421875 0.58125 0.8375 0.56875 0.8375 0.5671875 0.8359375 0.56875 0.8140625 0.5703125 0.8078125 0.5765625 0.8