1 0.2578125 0.415625 0.2609375 0.41875 0.259375 0.4328125 0.2546875 0.434375 0.2515625 0.43125 0.2515625 0.4234375 0.25625 0.4171875
1 0.734375 0.0609375 0.7359375 0.0640625 0.7328125 0.06875 0.7265625 0.06875 0.721875 0.065625 0.721875 0.0625 0.7265625 0.059375 0.7328125 0.0609375
2 0.5046875 0.4515625 0.503125 0.4390625 0.50625 0.4296875 0.5109375 0.4296875 0.5140625 0.4390625 0.5140625 0.45 0.5109375 0.453125 0.50625 0.4515625
2 0.4796875 0.3 0.478125 0.2953125 0.48125 0.290625 0.484375 0.2921875 0.484375 0.2984375 0.48125 0.3
2 0.6171875 0.609375 0.6203125 0.6125 0.61875 0.61875 0.6125 0.6171875 0.6125 0.6109375 0.615625 0.609375
2 0.6484375 0.3546875 0.646875 0.3625 0.64375 0.3625 0.6421875 0.359375 0.646875 0.3546875
0 0.8171875 0.0546875 0.81875 0.0578125 0.8171875 0.06875 0.8125 0.0671875 0.8109375 0.0640625 0.8109375 0.059375 0.815625 0.0546875
0 0.74375 0.0671875 0.7390625 0.0640625 0.7390625 0.053125 0.740625 0.0515625 0.746875 0.053125 0.746875 0.065625 0.7453125 0.065625
0 0.6453125 0.55 0.6453125 0.53125 0.65 0.5234375 0.6546875 0.5234375 0.6578125 0.53125 0.6578125 0.55 0.646875 0.55
0 0.1671875 0.5515625 0.171875 0.5578125 0.1734375 0.5703125 0.171875 0.571875 0.171875 0.5890625 0.1640625 0.59375 0.1515625 0.5921875 0.1484375 0.5796875 0.15 0.565625 0.1546875 0.55625 0.165625 0.5515625
0 0.45859375 0.27421875 0.0171875 0.0328125
0 0.62578125 0.3375 0.0171875 0.028125