1 0.6265625 0.6015625 0.634375 0.6078125 0.6421875 0.6078125 0.646875 0.6109375 0.64375 0.621875 0.640625 0.625 0.6265625 0.6234375 0.621875 0.6171875 0.621875 0.6078125 0.625 0.603125
2 0.665625 0.57578125 0.0125 0.0140625
2 0.5703125 0.3625 0.575 0.3625 0.578125 0.3671875 0.578125 0.3703125 0.5734375 0.371875 0.56875 0.3671875 0.5703125 0.3640625
2 0.6171875 0.5515625 0.61875 0.5625 0.615625 0.5640625 0.609375 0.553125 0.615625 0.5515625
2 0.7796875 0.1 0.778125 0.109375 0.7734375 0.1046875 0.7734375 0.1 0.775 0.0984375 0.778125 0.1
0 0.796875 0.028125 0.7984375 0.0296875 0.796875 0.0390625 0.7890625 0.0375 0.7890625 0.0296875 0.7953125 0.028125
0 0.6515625 0.490625 0.6578125 0.5 0.65625 0.5203125 0.653125 0.5265625 0.65 0.5125 0.64375 0.509375 0.6390625 0.51875 0.6375 0.5109375 0.6421875 0.4921875 0.65 0.490625
0 0.553125 0.95 0.5578125 0.959375 0.55625 0.9703125 0.53125 0.9703125 0.5359375 0.9515625 0.5390625 0.9484375 0.5515625 0.95
0 0.60078125 0.32890625 0.0140625 0.0203125
0 0.89296875 0.2265625 0.0109375 0.01875
0 0.11875 0.3890625 0.125 0.3921875 0.128125 0.3984375 0.128125 0.4140625 0.1203125 0.409375 0.1125 0.4125 0.1109375 0.409375 0.1109375 0.3953125 0.1140625 0.390625 0.1171875 0.390625
0 0.9203125 0.1484375 0.9296875 0.15 0.9296875 0.1578125 0.925 0.1625 0.921875 0.1625 0.91875 0.1578125 0.9203125 0.15
0 0.5671875 0.8875 0.571875 0.896875 0.5703125 0.9109375 0.565625 0.9046875 0.5578125 0.9046875 0.553125 0.909375 0.55 0.9078125 0.553125 0.890625 0.559375 0.8859375 0.565625 0.8875