1 0.6451187335092349 0.5653495440729484 0.6556728232189973 0.5683890577507599 0.6715039577836411 0.5683890577507599 0.6886543535620053 0.5729483282674772 0.6912928759894459 0.5759878419452887 0.6899736147757256 0.601823708206687 0.679419525065963 0.601823708206687 0.658311345646438 0.5957446808510638 0.6240105540897097 0.5927051671732523 0.6213720316622692 0.5896656534954408 0.6213720316622692 0.5653495440729484 0.6437994722955145 0.5653495440729484
1 0.9920844327176781 0.32674772036474165 0.9986807387862797 0.32978723404255317 0.9986807387862797 0.34498480243161095 0.9947229551451188 0.34498480243161095 0.9762532981530343 0.33282674772036475 0.9762532981530343 0.32978723404255317 0.9802110817941952 0.3252279635258359 0.9907651715039578 0.32674772036474165
1 0.3839050131926121 0.030395136778115502 0.39577836411609496 0.028875379939209727 0.39841688654353563 0.034954407294832825 0.39577836411609496 0.041033434650455926 0.39050131926121373 0.0425531914893617 0.3839050131926121 0.03951367781155015 0.3839050131926121 0.031914893617021274
1 0.3759894459102902 0.8480243161094225 0.38258575197889183 0.8525835866261399 0.38522427440633245 0.8662613981762918 0.38258575197889183 0.8814589665653495 0.3759894459102902 0.8890577507598785 0.3720316622691293 0.8890577507598785 0.3720316622691293 0.8632218844984803 0.3759894459102902 0.8495440729483282
1 0.43535620052770446 0.07142857142857142 0.4261213720316623 0.06838905775075987 0.4261213720316623 0.05927051671732523 0.44063324538258575 0.05927051671732523 0.4419525065963061 0.06838905775075987 0.4366754617414248 0.06990881458966565
1 0.36015831134564646 0.0364741641337386 0.36015831134564646 0.02735562310030395 0.3759894459102902 0.028875379939209727 0.3759894459102902 0.0364741641337386 0.3733509234828496 0.037993920972644375 0.36147757255936674 0.0364741641337386
1 0.6094986807387863 0.14285714285714285 0.021108179419525065 0.015197568389057751
1 0.47757255936675463 0.07598784194528875 0.48021108179419525 0.07750759878419453 0.48021108179419525 0.08814589665653495 0.47757255936675463 0.08966565349544073 0.4656992084432718 0.08814589665653495 0.46174142480211083 0.08054711246200608 0.4630606860158311 0.07446808510638298 0.4762532981530343 0.07598784194528875
2 0.9010554089709762 0.4331306990881459 0.9063324538258575 0.43465045592705165 0.9116094986807388 0.44072948328267475 0.9116094986807388 0.44984802431610943 0.9050131926121372 0.45288753799392095 0.8878627968337731 0.4513677811550152 0.8891820580474934 0.43617021276595747 0.8931398416886543 0.4331306990881459 0.899736147757256 0.4331306990881459
0 0.46965699208443273 0.5790273556231003 0.4736147757255937 0.5805471124620061 0.4815303430079156 0.5911854103343465 0.48548812664907653 0.60790273556231 0.4841688654353562 0.6322188449848024 0.47493403693931396 0.6443768996960486 0.46965699208443273 0.6474164133738601 0.44854881266490765 0.6443768996960486 0.43535620052770446 0.6246200607902735 0.43535620052770446 0.60790273556231 0.44327176781002636 0.5881458966565349 0.45118733509234826 0.5820668693009119 0.4683377308707124 0.5790273556231003
0 0.5408970976253298 0.5972644376899696 0.5448548812664907 0.6003039513677811 0.5461741424802111 0.6048632218844985 0.5422163588390502 0.6200607902735562 0.5422163588390502 0.6352583586626139 0.5448548812664907 0.6458966565349544 0.5382585751978892 0.6580547112462006 0.5263852242744064 0.662613981762918 0.5105540897097626 0.662613981762918 0.5013192612137203 0.6580547112462006 0.49604221635883905 0.6519756838905775 0.49076517150395776 0.6398176291793313 0.49076517150395776 0.6231003039513677 0.5026385224274407 0.6063829787234043 0.5118733509234829 0.6003039513677811 0.5224274406332454 0.5972644376899696 0.5395778364116095 0.5972644376899696