1 0.34453125 0.8765625 0.0296875 0.03125
1 0.7359375 0.521875 0.75625 0.528125 0.75625 0.5390625 0.7546875 0.5421875 0.75 0.54375 0.7359375 0.5390625 0.734375 0.5359375 0.7359375 0.5234375
1 0.2578125 0.415625 0.2609375 0.41875 0.259375 0.4359375 0.253125 0.434375 0.2515625 0.43125 0.2515625 0.4234375 0.25625 0.4171875
1 0.2265625 0.6453125 0.2296875 0.64375 0.234375 0.6453125 0.24375 0.6546875 0.2421875 0.6609375 0.2375 0.6625 0.228125 0.6609375 0.225 0.6578125 0.2265625 0.646875
1 0.7953125 0.3390625 0.796875 0.340625 0.7953125 0.35 0.78125 0.3484375 0.78125 0.340625 0.784375 0.3375 0.79375 0.3390625
2 0.7328125 0.46875 0.734375 0.471875 0.7328125 0.48125 0.7265625 0.4703125 0.728125 0.4671875 0.73125 0.46875
0 0.8296875 0.096875 0.8359375 0.0984375 0.834375 0.1109375 0.828125 0.1078125 0.8296875 0.0984375
0 0.7953125 0.0953125 0.796875 0.096875 0.7953125 0.109375 0.7921875 0.109375 0.7890625 0.103125 0.790625 0.096875 0.79375 0.0953125
0 0.7734375 0.1328125 0.7765625 0.1359375 0.7765625 0.1453125 0.775 0.1484375 0.76875 0.1515625 0.765625 0.15 0.765625 0.140625 0.7671875 0.1359375 0.771875 0.1328125
0 0.43125 0.1296875 0.434375 0.1359375 0.43125 0.14375 0.425 0.1421875 0.4234375 0.1390625 0.425 0.1328125 0.4296875 0.1296875
0 0.8 0.25 0.8046875 0.2546875 0.803125 0.2703125 0.79375 0.265625 0.7953125 0.2546875 0.7984375 0.2515625
0 0.646875 0.55625 0.6546875 0.5625 0.65625 0.571875 0.6546875 0.5828125 0.646875 0.5828125 0.6359375 0.578125 0.634375 0.575 0.6390625 0.559375 0.6453125 0.55625
0 0.3875 0.6625 0.025 0.040625
0 0.5765625 0.321875 0.5796875 0.328125 0.578125 0.340625 0.56875 0.3375 0.5703125 0.325 0.575 0.321875
0 0.584375 0.31875 0.5890625 0.321875 0.5890625 0.3359375 0.584375 0.3390625 0.5734375 0.3296875 0.5703125 0.3296875 0.5734375 0.321875 0.5828125 0.3203125
0 0.69375 0.340625 0.696875 0.3453125 0.6953125 0.3609375 0.68125 0.3578125 0.68125 0.35 0.684375 0.34375 0.6875 0.340625 0.6921875 0.340625
0 0.26484375 0.5109375 0.0234375 0.0375
0 0.6375 0.596875 0.6453125 0.60625 0.6453125 0.6234375 0.6421875 0.6296875 0.6328125 0.63125 0.6234375 0.6296875 0.6234375 0.6125 0.625 0.603125 0.63125 0.596875 0.6359375 0.596875
0 0.6984375 0.1609375 0.70625 0.1625 0.70625 0.1734375 0.703125 0.1765625 0.696875 0.1703125 0.6984375 0.1625
0 0.74609375 0.203125 0.0109375 0.021875