1 0.8650442477876106 0.579250720461095 0.8694690265486725 0.5850144092219021 0.8694690265486725 0.6138328530259366 0.8672566371681416 0.6167146974063401 0.8628318584070797 0.6167146974063401 0.8606194690265486 0.6195965417867435 0.8252212389380531 0.6195965417867435 0.8230088495575221 0.622478386167147 0.8141592920353983 0.622478386167147 0.8119469026548672 0.6195965417867435 0.7986725663716814 0.622478386167147 0.7964601769911505 0.6195965417867435 0.7920353982300885 0.6195965417867435 0.7809734513274337 0.6023054755043228 0.7809734513274337 0.5878962536023055 0.7831858407079646 0.5850144092219021 0.7876106194690266 0.5821325648414986 0.831858407079646 0.5821325648414986 0.834070796460177 0.579250720461095 0.8628318584070797 0.579250720461095
1 0.5442477876106194 0.4956772334293948 0.5575221238938053 0.4956772334293948 0.5663716814159292 0.5014409221902018 0.581858407079646 0.5014409221902018 0.5907079646017699 0.5072046109510087 0.5973451327433629 0.5244956772334294 0.5973451327433629 0.5302593659942363 0.5796460176991151 0.5302593659942363 0.577433628318584 0.5273775216138329 0.5707964601769911 0.5273775216138329 0.5597345132743363 0.521613832853026 0.5508849557522124 0.521613832853026 0.5464601769911505 0.5187319884726225 0.5442477876106194 0.5129682997118156 0.5442477876106194 0.49855907780979825
1 0.3606194690265487 0.9711815561959655 0.38716814159292035 0.9855907780979827 0.3938053097345133 0.9855907780979827 0.4026548672566372 0.9913544668587896 0.4092920353982301 0.9913544668587896 0.415929203539823 0.9971181556195965 0.35398230088495575 0.9971181556195965 0.35176991150442477 0.9942363112391931 0.34292035398230086 0.9942363112391931 0.336283185840708 0.9884726224783862 0.3274336283185841 0.9855907780979827 0.3274336283185841 0.9798270893371758 0.33185840707964603 0.968299711815562 0.334070796460177 0.9654178674351584 0.3495575221238938 0.9654178674351584 0.3584070796460177 0.9711815561959655
2 0.334070796460177 0.7780979827089337 0.34513274336283184 0.7780979827089337 0.3561946902654867 0.792507204610951 0.36283185840707965 0.8126801152737753 0.36283185840707965 0.8213256484149856 0.3606194690265487 0.8242074927953891 0.34292035398230086 0.8184438040345822 0.334070796460177 0.8069164265129684 0.32964601769911506 0.792507204610951 0.32964601769911506 0.7867435158501441 0.334070796460177 0.7809798270893372
2 0.7433628318584071 0.4697406340057637 0.754424778761062 0.4812680115273775 0.754424778761062 0.48703170028818443 0.75 0.4899135446685879 0.7389380530973452 0.4899135446685879 0.7367256637168141 0.49279538904899134 0.7256637168141593 0.49279538904899134 0.7234513274336283 0.4899135446685879 0.7190265486725663 0.4899135446685879 0.7168141592920354 0.48703170028818443 0.7168141592920354 0.4755043227665706 0.7256637168141593 0.4697406340057637 0.7411504424778761 0.4697406340057637
2 0.504424778761062 0.2968299711815562 0.5066371681415929 0.29971181556195964 0.5110619469026548 0.29971181556195964 0.5154867256637168 0.30835734870317005 0.5110619469026548 0.31988472622478387 0.49336283185840707 0.31988472622478387 0.48008849557522126 0.30835734870317005 0.4778761061946903 0.3025936599423631 0.48008849557522126 0.29971181556195964 0.48451327433628316 0.29971181556195964 0.48672566371681414 0.2968299711815562 0.5022123893805309 0.2968299711815562
2 0.8827433628318584 0.44668587896253603 0.8938053097345132 0.43804034582132567 0.918141592920354 0.43804034582132567 0.9203539823008849 0.4409221902017291 0.918141592920354 0.45244956772334294 0.9092920353982301 0.45821325648414984 0.8938053097345132 0.4610951008645533 0.8915929203539823 0.46397694524495675 0.8783185840707964 0.46397694524495675 0.8783185840707964 0.4553314121037464 0.8827433628318584 0.4495677233429395
2 0.5309734513274337 0.8386167146974063 0.5376106194690266 0.8443804034582133 0.5376106194690266 0.8530259365994236 0.5331858407079646 0.8587896253602305 0.5309734513274337 0.8674351585014409 0.5243362831858407 0.8731988472622478 0.5066371681415929 0.8731988472622478 0.4911504424778761 0.8645533141210374 0.49336283185840707 0.861671469740634 0.49557522123893805 0.8472622478386167 0.5022123893805309 0.8386167146974063 0.5066371681415929 0.8357348703170029 0.5265486725663717 0.8357348703170029 0.5287610619469026 0.8386167146974063
2 0.6449115044247787 0.3371757925072046 0.033185840707964605 0.02881844380403458
0 0.838495575221239 0.276657060518732 0.8539823008849557 0.29394812680115273 0.8584070796460177 0.30547550432276654 0.8584070796460177 0.33429394812680113 0.8561946902654868 0.3371757925072046 0.8561946902654868 0.34293948126801155 0.8407079646017699 0.3659942363112392 0.8362831858407079 0.3631123919308357 0.8296460176991151 0.345821325648415 0.834070796460177 0.3400576368876081 0.831858407079646 0.33429394812680113 0.827433628318584 0.3314121037463977 0.827433628318584 0.3285302593659942 0.8230088495575221 0.3256484149855908 0.8230088495575221 0.3227665706051873 0.8141592920353983 0.3112391930835735 0.8030973451327433 0.3112391930835735 0.7964601769911505 0.31988472622478387 0.7964601769911505 0.3256484149855908 0.7942477876106194 0.3285302593659942 0.7942477876106194 0.345821325648415 0.7920353982300885 0.34870317002881845 0.7876106194690266 0.3371757925072046 0.7898230088495575 0.31988472622478387 0.7920353982300885 0.3170028818443804 0.7920353982300885 0.3025936599423631 0.7898230088495575 0.29971181556195964 0.7920353982300885 0.2881844380403458 0.8008849557522124 0.28530259365994237 0.8119469026548672 0.276657060518732 0.8362831858407079 0.276657060518732
0 0.5221238938053098 0.6109510086455331 0.5331858407079646 0.6167146974063401 0.5442477876106194 0.6311239193083573 0.5530973451327433 0.6484149855907781 0.5530973451327433 0.654178674351585 0.5553097345132744 0.6570605187319885 0.5553097345132744 0.6801152737752162 0.5530973451327433 0.6829971181556196 0.5530973451327433 0.6887608069164265 0.5464601769911505 0.7002881844380403 0.5442477876106194 0.7002881844380403 0.5376106194690266 0.6887608069164265 0.5287610619469026 0.6829971181556196 0.5221238938053098 0.6829971181556196 0.5088495575221239 0.6685878962536023 0.5022123893805309 0.6657060518731989 0.4889380530973451 0.6455331412103746 0.4823008849557522 0.6426512968299711 0.4778761061946903 0.6368876080691642 0.48008849557522126 0.6253602305475504 0.48672566371681414 0.6167146974063401 0.49557522123893805 0.6109510086455331 0.5199115044247787 0.6109510086455331
0 0.577433628318584 0.12103746397694524 0.584070796460177 0.12968299711815562 0.5907079646017699 0.14985590778097982 0.5907079646017699 0.1642651296829971 0.5862831858407079 0.1729106628242075 0.584070796460177 0.1988472622478386 0.5796460176991151 0.2017291066282421 0.5752212389380531 0.1988472622478386 0.577433628318584 0.19596541786743515 0.577433628318584 0.18155619596541786 0.5752212389380531 0.1786743515850144 0.5597345132743363 0.1786743515850144 0.5575221238938053 0.18155619596541786 0.5486725663716814 0.18155619596541786 0.5376106194690266 0.1930835734870317 0.5376106194690266 0.1988472622478386 0.5353982300884956 0.2017291066282421 0.5287610619469026 0.2017291066282421 0.5154867256637168 0.16138328530259366 0.5154867256637168 0.14697406340057637 0.5199115044247787 0.13544668587896252 0.5331858407079646 0.12103746397694524 0.5376106194690266 0.11815561959654179 0.5442477876106194 0.11815561959654179 0.5464601769911505 0.11527377521613832 0.5530973451327433 0.11527377521613832 0.5553097345132744 0.11815561959654179 0.5730088495575221 0.11815561959654179 0.5752212389380531 0.12103746397694524
0 0.5486725663716814 0.04899135446685879 0.5707964601769911 0.06340057636887608 0.5907079646017699 0.08069164265129683 0.5973451327433629 0.0893371757925072 0.5951327433628318 0.09798270893371758 0.581858407079646 0.09798270893371758 0.577433628318584 0.10086455331412104 0.5707964601769911 0.10951008645533142 0.5707964601769911 0.11239193083573487 0.5420353982300885 0.11239193083573487 0.5353982300884956 0.11815561959654179 0.5309734513274337 0.11815561959654179 0.5265486725663717 0.1239193083573487 0.5199115044247787 0.1239193083573487 0.5176991150442478 0.12680115273775217 0.5154867256637168 0.12680115273775217 0.5088495575221239 0.11815561959654179 0.504424778761062 0.10662824207492795 0.504424778761062 0.07492795389048991 0.5110619469026548 0.06051873198847262 0.5221238938053098 0.04899135446685879 0.5464601769911505 0.04899135446685879
0 0.6017699115044248 0.5389048991354467 0.6150442477876106 0.547550432276657 0.6283185840707964 0.5648414985590778 0.6327433628318584 0.5763688760806917 0.6327433628318584 0.5850144092219021 0.6349557522123894 0.5878962536023055 0.6349557522123894 0.5965417867435159 0.6327433628318584 0.5994236311239193 0.6327433628318584 0.6080691642651297 0.6305309734513275 0.6109510086455331 0.6305309734513275 0.6195965417867435 0.6261061946902655 0.6340057636887608 0.6150442477876106 0.6512968299711815 0.6106194690265486 0.654178674351585 0.6039823008849557 0.654178674351585 0.6017699115044248 0.6570605187319885 0.5862831858407079 0.6570605187319885 0.5752212389380531 0.6426512968299711 0.577433628318584 0.6253602305475504 0.581858407079646 0.6138328530259366 0.581858407079646 0.6051873198847262 0.5752212389380531 0.5878962536023055 0.5685840707964602 0.579250720461095 0.5597345132743363 0.5734870317002881 0.5530973451327433 0.5734870317002881 0.5442477876106194 0.5590778097982709 0.5464601769911505 0.553314121037464 0.5597345132743363 0.5504322766570605 0.5685840707964602 0.5417867435158501 0.5730088495575221 0.5417867435158501 0.5752212389380531 0.5389048991354467 0.5995575221238938 0.5389048991354467