1 0.615625 0.384375 0.6234375 0.3859375 0.6265625 0.3890625 0.6265625 0.3953125 0.621875 0.3984375 0.6109375 0.396875 0.609375 0.3890625 0.6140625 0.384375
1 0.71328125 0.31484375 0.0171875 0.0140625
1 0.503125 0.403125 0.509375 0.40625 0.5109375 0.409375 0.5078125 0.4171875 0.5015625 0.4171875 0.4953125 0.4140625 0.4953125 0.4046875 0.5015625 0.403125
2 0.4359375 0.209375 0.4375 0.2171875 0.4328125 0.221875 0.4296875 0.2171875 0.43125 0.2109375 0.434375 0.209375
0 0.5875 0.434375 0.5921875 0.4421875 0.590625 0.459375 0.5875 0.4609375 0.5796875 0.459375 0.5765625 0.453125 0.578125 0.4390625 0.5859375 0.434375
0 0.715625 0.1984375 0.7140625 0.1921875 0.71875 0.184375 0.725 0.1859375 0.7265625 0.19375 0.7234375 0.2015625 0.7171875 0.1984375
0 0.6875 0.5390625 0.6953125 0.5484375 0.6953125 0.5734375 0.6921875 0.578125 0.6875 0.578125 0.6875 0.5671875 0.690625 0.5578125 0.6890625 0.55 0.6859375 0.5515625 0.6859375 0.5578125 0.6828125 0.5609375 0.6796875 0.575 0.678125 0.5765625 0.675 0.571875 0.675 0.55 0.678125 0.54375 0.6859375 0.5390625
0 0.734375 0.221875 0.7375 0.234375 0.7328125 0.240625 0.7265625 0.2390625 0.7234375 0.234375 0.7265625 0.2234375 0.7328125 0.221875
0 0.525 0.278125 0.5296875 0.2859375 0.5296875 0.3 0.525 0.3078125 0.51875 0.30625 0.5140625 0.2984375 0.5140625 0.2859375 0.51875 0.2796875 0.5234375 0.278125
0 0.6296875 0.3 0.6328125 0.3015625 0.6359375 0.309375 0.634375 0.31875 0.6265625 0.3171875 0.625 0.3046875 0.628125 0.3015625
0 0.7109375 0.2296875 0.7171875 0.2296875 0.7203125 0.2328125 0.7203125 0.240625 0.7171875 0.2453125 0.7140625 0.2453125 0.709375 0.240625 0.7109375 0.23125