1 0.8658798283261803 0.2825520833333333 0.8798283261802575 0.2825520833333333 0.8916309012875536 0.2877604166666667 0.8916309012875536 0.2942708333333333 0.8862660944206009 0.296875 0.8680257510729614 0.29296875 0.8658798283261803 0.2903645833333333 0.8658798283261803 0.2838541666666667
1 0.5418454935622318 0.5703125 0.5622317596566524 0.5768229166666666 0.5622317596566524 0.5807291666666666 0.5504291845493562 0.5911458333333334 0.5321888412017167 0.5885416666666666 0.5257510729613734 0.5846354166666666 0.5257510729613734 0.5807291666666666 0.5311158798283262 0.5703125 0.5407725321888412 0.5703125
1 0.5171673819742489 0.9765625 0.5236051502145923 0.9765625 0.5375536480686696 0.9817708333333334 0.5439914163090128 0.9869791666666666 0.5429184549356223 0.9986979166666666 0.5257510729613734 0.9947916666666666 0.5160944206008584 0.9869791666666666 0.5150214592274678 0.9830729166666666 0.5171673819742489 0.9778645833333334
1 0.39914163090128757 0.7291666666666666 0.4130901287553648 0.7356770833333334 0.41523605150214593 0.7395833333333334 0.41416309012875535 0.7486979166666666 0.40772532188841204 0.7578125 0.37124463519313305 0.7447916666666666 0.37124463519313305 0.7356770833333334 0.3776824034334764 0.7265625 0.3937768240343348 0.7265625 0.398068669527897 0.7291666666666666
1 0.2092274678111588 0.6276041666666666 0.2167381974248927 0.6315104166666666 0.22746781115879827 0.6328125 0.2317596566523605 0.63671875 0.22854077253218885 0.6484375 0.22424892703862662 0.65234375 0.1963519313304721 0.6471354166666666 0.19527896995708155 0.640625 0.1984978540772532 0.6315104166666666 0.20278969957081544 0.6276041666666666 0.20815450643776823 0.6276041666666666
1 0.51931330472103 0.7578125 0.5321888412017167 0.76171875 0.5472103004291845 0.7708333333333334 0.5472103004291845 0.7786458333333334 0.5429184549356223 0.7916666666666666 0.5160944206008584 0.7838541666666666 0.5075107296137339 0.7786458333333334 0.5064377682403434 0.7708333333333334 0.5085836909871244 0.7643229166666666 0.5107296137339056 0.7604166666666666 0.5182403433476395 0.7578125
1 0.6244635193133047 0.4661458333333333 0.6448497854077253 0.4674479166666667 0.6459227467811158 0.4739583333333333 0.6416309012875536 0.4791666666666667 0.6351931330472103 0.4817708333333333 0.6201716738197425 0.48046875 0.6148068669527897 0.4765625 0.6148068669527897 0.46875 0.6180257510729614 0.4661458333333333 0.6233905579399142 0.4661458333333333
1 0.3723175965665236 0.5377604166666666 0.3937768240343348 0.5403645833333334 0.4184549356223176 0.5494791666666666 0.41738197424892703 0.5638020833333334 0.41094420600858367 0.5651041666666666 0.3723175965665236 0.5533854166666666 0.3723175965665236 0.5390625
2 0.8100858369098712 0.21940104166666666 0.015021459227467811 0.014322916666666666
2 0.9388412017167382 0.23828125 0.944206008583691 0.2421875 0.9452789699570815 0.24739583333333334 0.9420600858369099 0.2513020833333333 0.9345493562231759 0.2513020833333333 0.9334763948497854 0.24348958333333334 0.9377682403433476 0.23958333333333334
2 0.26394849785407726 0.5833333333333334 0.27145922746781115 0.5885416666666666 0.27145922746781115 0.59375 0.26824034334763946 0.5989583333333334 0.2575107296137339 0.5989583333333334 0.25 0.5950520833333334 0.2510729613733906 0.5859375 0.2628755364806867 0.5833333333333334
2 0.619098712446352 0.2552083333333333 0.6244635193133047 0.2604166666666667 0.6223175965665236 0.2682291666666667 0.619098712446352 0.2721354166666667 0.6126609442060086 0.2630208333333333 0.6126609442060086 0.2591145833333333 0.6180257510729614 0.2565104166666667
2 0.5633047210300429 0.40625 0.5665236051502146 0.41015625 0.5654506437768241 0.4192708333333333 0.5504291845493562 0.4270833333333333 0.5418454935622318 0.42578125 0.5418454935622318 0.4140625 0.5439914163090128 0.4088541666666667 0.5504291845493562 0.4036458333333333 0.5579399141630901 0.4036458333333333 0.5622317596566524 0.40625
2 0.3723175965665236 0.6276041666666666 0.3776824034334764 0.62890625 0.3905579399141631 0.64453125 0.388412017167382 0.6510416666666666 0.38197424892703863 0.6510416666666666 0.37553648068669526 0.6419270833333334 0.37124463519313305 0.6302083333333334 0.3723175965665236 0.62890625
2 0.7339055793991416 0.2825520833333333 0.015021459227467811 0.015625
2 0.3937768240343348 0.3763020833333333 0.39914163090128757 0.3802083333333333 0.4002145922746781 0.3880208333333333 0.3969957081545064 0.3971354166666667 0.388412017167382 0.40234375 0.3830472103004292 0.3997395833333333 0.3830472103004292 0.3841145833333333 0.3873390557939914 0.3776041666666667 0.3927038626609442 0.3763020833333333
0 0.7650214592274678 0.2747395833333333 0.76931330472103 0.2799479166666667 0.7703862660944206 0.2890625 0.7682403433476395 0.2942708333333333 0.7628755364806867 0.2864583333333333 0.7575107296137339 0.2864583333333333 0.7542918454935622 0.2903645833333333 0.7510729613733905 0.2864583333333333 0.7532188841201717 0.2786458333333333 0.7575107296137339 0.2734375 0.7639484978540773 0.2747395833333333
0 0.7070815450643777 0.3020833333333333 0.7135193133047211 0.3111979166666667 0.7113733905579399 0.328125 0.7081545064377682 0.3307291666666667 0.6995708154506438 0.3268229166666667 0.6952789699570815 0.3346354166666667 0.6920600858369099 0.3307291666666667 0.6899141630901288 0.3177083333333333 0.6909871244635193 0.3125 0.6974248927038627 0.3033854166666667 0.7060085836909872 0.3020833333333333
0 0.9527896995708155 0.12760416666666666 0.9560085836909872 0.12890625 0.9570815450643777 0.13671875 0.9506437768240343 0.13671875 0.9517167381974249 0.12890625
0 0.4645922746781116 0.52734375 0.4699570815450644 0.5286458333333334 0.47746781115879827 0.53515625 0.48175965665236054 0.5494791666666666 0.4796137339055794 0.5677083333333334 0.4645922746781116 0.5703125 0.44420600858369097 0.5703125 0.4409871244635193 0.5625 0.4409871244635193 0.5481770833333334 0.44635193133047213 0.53515625 0.45278969957081544 0.5286458333333334 0.463519313304721 0.52734375
0 0.6550429184549357 0.375 0.02682403433476395 0.041666666666666664
0 0.5772532188841202 0.5846354166666666 0.5826180257510729 0.5872395833333334 0.5879828326180258 0.59375 0.5879828326180258 0.6236979166666666 0.5847639484978541 0.62890625 0.5836909871244635 0.62109375 0.5804721030042919 0.6171875 0.5675965665236051 0.6171875 0.5633047210300429 0.6223958333333334 0.5600858369098712 0.6328125 0.555793991416309 0.6302083333333334 0.5515021459227468 0.6184895833333334 0.5515021459227468 0.6028645833333334 0.5536480686695279 0.59375 0.5611587982832618 0.5859375 0.5675965665236051 0.5833333333333334 0.5761802575107297 0.5846354166666666
0 0.2575107296137339 0.5078125 0.2628755364806867 0.5143229166666666 0.26502145922746784 0.5208333333333334 0.26609442060085836 0.5364583333333334 0.26180257510729615 0.5481770833333334 0.2521459227467811 0.55078125 0.24356223175965666 0.55078125 0.2371244635193133 0.5455729166666666 0.23283261802575106 0.5390625 0.2317596566523605 0.53125 0.2349785407725322 0.5169270833333334 0.24248927038626608 0.5078125 0.25643776824034337 0.5078125
0 0.5912017167381974 0.4283854166666667 0.5997854077253219 0.4375 0.5997854077253219 0.4557291666666667 0.5944206008583691 0.46484375 0.5783261802575107 0.4674479166666667 0.5718884120171673 0.46484375 0.5697424892703863 0.4609375 0.5686695278969958 0.4479166666666667 0.5708154506437768 0.4388020833333333 0.5772532188841202 0.4296875 0.5901287553648069 0.4283854166666667
0 0.674892703862661 0.3528645833333333 0.6824034334763949 0.3619791666666667 0.6824034334763949 0.3763020833333333 0.6759656652360515 0.3841145833333333 0.6716738197424893 0.3841145833333333 0.6673819742489271 0.37890625 0.6673819742489271 0.3697916666666667 0.6641630901287554 0.36328125 0.6641630901287554 0.35546875 0.6663090128755365 0.3528645833333333 0.6738197424892703 0.3528645833333333
0 0.2929184549356223 0.4713541666666667 0.29721030042918456 0.4739583333333333 0.30472103004291845 0.4856770833333333 0.30364806866952787 0.515625 0.29721030042918456 0.51953125 0.28969957081545067 0.5169270833333334 0.2757510729613734 0.5169270833333334 0.2703862660944206 0.4973958333333333 0.27360515021459225 0.4791666666666667 0.2811158798283262 0.47265625 0.2918454935622318 0.4713541666666667
0 0.6083690987124464 0.6966145833333334 0.6137339055793991 0.7018229166666666 0.6180257510729614 0.71484375 0.6158798283261803 0.734375 0.6115879828326181 0.7473958333333334 0.6094420600858369 0.7486979166666666 0.6072961373390557 0.7473958333333334 0.6083690987124464 0.734375 0.6051502145922747 0.73046875 0.5772532188841202 0.7291666666666666 0.5740343347639485 0.7239583333333334 0.5761802575107297 0.7096354166666666 0.5847639484978541 0.6966145833333334 0.5954935622317596 0.6940104166666666 0.6030042918454935 0.6940104166666666 0.6072961373390557 0.6966145833333334
0 0.6030042918454935 0.5455729166666666 0.6169527896995708 0.5520833333333334 0.6201716738197425 0.5572916666666666 0.619098712446352 0.578125 0.6126609442060086 0.58984375 0.6105150214592274 0.58984375 0.6062231759656652 0.58203125 0.592274678111588 0.58203125 0.5879828326180258 0.5872395833333334 0.5858369098712446 0.58203125 0.5858369098712446 0.56640625 0.5890557939914163 0.5533854166666666 0.601931330472103 0.5455729166666666