1 0.2578125 0.525 0.259375 0.5375 0.2546875 0.5453125 0.24375 0.5421875 0.2421875 0.5328125 0.2453125 0.5265625 0.25625 0.525
1 0.021875 0.48125 0.025 0.4859375 0.025 0.490625 0.0203125 0.49375 0.0140625 0.4921875 0.015625 0.48125 0.0171875 0.4796875 0.0203125 0.48125
1 0.0390625 0.60625 0.0421875 0.6140625 0.040625 0.6203125 0.0265625 0.634375 0.021875 0.6328125 0.021875 0.625 0.0296875 0.6125 0.0375 0.60625
1 0.103125 0.4640625 0.1078125 0.4640625 0.109375 0.4765625 0.0984375 0.4875 0.09375 0.4796875 0.09375 0.4765625 0.103125 0.465625
1 0.0734375 0.559375 0.075 0.5734375 0.0625 0.5859375 0.0578125 0.584375 0.05625 0.5734375 0.071875 0.559375
1 0.6546875 0.659375 0.6609375 0.6640625 0.6609375 0.675 0.65625 0.68125 0.6421875 0.678125 0.6359375 0.671875 0.6359375 0.6671875 0.640625 0.6578125 0.653125 0.659375
1 0.384375 0.321875 0.3875 0.3203125 0.39375 0.321875 0.3953125 0.3265625 0.3921875 0.3328125 0.3875 0.3328125 0.384375 0.33125 0.384375 0.3234375
2 0.7796875 0.665625 0.7859375 0.6734375 0.7859375 0.7046875 0.7828125 0.7078125 0.78125 0.70625 0.771875 0.6875 0.775 0.66875 0.778125 0.6671875
2 0.934375 0.740625 0.9359375 0.7140625 0.9390625 0.709375 0.946875 0.7046875 0.95 0.70625 0.946875 0.7296875 0.9359375 0.740625
2 0.6234375 0.58125 0.6296875 0.58125 0.634375 0.5890625 0.63125 0.5953125 0.6234375 0.5875 0.6234375 0.5828125
2 0.68125 0.60625 0.6890625 0.6078125 0.6890625 0.6125 0.6859375 0.615625 0.6796875 0.615625 0.68125 0.6078125
0 0.8140625 0.14375 0.8171875 0.146875 0.8171875 0.1609375 0.8140625 0.1625 0.80625 0.159375 0.80625 0.15 0.8125 0.14375
0 0.025 0.4515625 0.01875 0.028125
0 0.346875 0.459375 0.3515625 0.4703125 0.3515625 0.4875 0.3484375 0.49375 0.3375 0.4921875 0.3328125 0.48125 0.3328125 0.46875 0.3359375 0.4625 0.340625 0.459375 0.3453125 0.459375
0 0.51875 0.8671875 0.5265625 0.8796875 0.528125 0.909375 0.5171875 0.9203125 0.5046875 0.91875 0.4984375 0.9125 0.4984375 0.8890625 0.5015625 0.878125 0.5078125 0.86875 0.5140625 0.865625 0.5171875 0.8671875
0 0.271875 0.3796875 0.278125 0.3859375 0.278125 0.4015625 0.271875 0.4109375 0.265625 0.4109375 0.2609375 0.4046875 0.2625 0.3875 0.2703125 0.3796875
0 0.328125 0.478125 0.3328125 0.4828125 0.334375 0.4890625 0.334375 0.5046875 0.33125 0.515625 0.325 0.5203125 0.3171875 0.5125 0.3171875 0.490625 0.3203125 0.4796875 0.3265625 0.478125
0 0.665625 0.525 0.66875 0.5328125 0.665625 0.5515625 0.65625 0.5515625 0.653125 0.5484375 0.6546875 0.528125 0.6609375 0.5234375 0.6640625 0.525
0 0.5296875 0.884375 0.525 0.871875 0.5140625 0.8625 0.5125 0.8578125 0.5140625 0.840625 0.5265625 0.8203125 0.5375 0.8203125 0.5453125 0.8359375 0.54375 0.8703125 0.5375 0.884375 0.5359375 0.8859375 0.53125 0.884375
0 0.409375 0.225 0.415625 0.225 0.41875 0.23125 0.4171875 0.2421875 0.4078125 0.24375 0.40625 0.234375 0.409375 0.2265625