1 0.303125 0.3703125 0.3046875 0.371875 0.3046875 0.3875 0.303125 0.3890625 0.2984375 0.384375 0.2984375 0.3765625 0.3015625 0.371875
1 0.765625 0.5546875 0.7796875 0.559375 0.78125 0.5625 0.7796875 0.5703125 0.771875 0.5703125 0.7640625 0.5671875 0.7609375 0.5625 0.7640625 0.55625
1 0.2421875 0.6234375 0.2546875 0.63125 0.2546875 0.6390625 0.25 0.6421875 0.2375 0.63125 0.2375 0.625 0.240625 0.6234375
1 0.4765625 0.9078125 0.4890625 0.9109375 0.5203125 0.9265625 0.5203125 0.94375 0.51875 0.9453125 0.509375 0.9421875 0.4796875 0.928125 0.4765625 0.925 0.4765625 0.909375
1 0.4 0.4140625 0.4140625 0.4203125 0.415625 0.4234375 0.4140625 0.434375 0.3921875 0.4265625 0.3921875 0.415625 0.3984375 0.4140625
1 0.2296875 0.89375 0.228125 0.9046875 0.221875 0.9046875 0.21875 0.9015625 0.2203125 0.89375 0.228125 0.89375
2 0.8 0.515625 0.8015625 0.5203125 0.7984375 0.5265625 0.7953125 0.528125 0.7921875 0.5265625 0.7921875 0.521875 0.7984375 0.515625
2 0.40859375 0.69609375 0.0171875 0.0515625
2 0.753125 0.51328125 0.009375 0.0140625
2 0.6078125 0.7828125 0.6140625 0.7890625 0.615625 0.803125 0.6125 0.821875 0.609375 0.8296875 0.6046875 0.834375 0.6 0.834375 0.596875 0.8296875 0.59375 0.8203125 0.59375 0.80625 0.5953125 0.790625 0.5984375 0.784375 0.60625 0.7828125
2 0.734375 0.121875 0.7359375 0.1328125 0.7296875 0.1296875 0.7296875 0.1234375 0.7328125 0.121875
0 0.84375 0.0796875 0.846875 0.084375 0.8453125 0.0921875 0.8390625 0.090625 0.8375 0.0875 0.8390625 0.08125 0.8421875 0.0796875
0 0.8234375 0.1171875 0.8265625 0.121875 0.8265625 0.1265625 0.8203125 0.13125 0.81875 0.1296875 0.81875 0.121875 0.821875 0.11875
0 0.7140625 0.09375 0.715625 0.0953125 0.7140625 0.103125 0.7078125 0.1015625 0.7078125 0.096875 0.7125 0.09375
0 0.6609375 0.053125 0.665625 0.053125 0.6671875 0.0578125 0.665625 0.065625 0.6625 0.065625 0.659375 0.0640625 0.6609375 0.0546875
0 0.8375 0.05625 0.8390625 0.06875 0.83125 0.065625 0.83125 0.0609375 0.8359375 0.05625
0 0.78359375 0.45859375 0.0203125 0.0328125
0 0.025 0.6828125 0.0359375 0.690625 0.0390625 0.6984375 0.0359375 0.721875 0.0296875 0.728125 0.0171875 0.728125 0.0140625 0.725 0.0109375 0.7140625 0.0109375 0.6984375 0.0171875 0.6875 0.0234375 0.6828125
0 0.2671875 0.4796875 0.275 0.478125 0.2796875 0.484375 0.2796875 0.5140625 0.2765625 0.5171875 0.2671875 0.5171875 0.2609375 0.5078125 0.2625 0.490625 0.2671875 0.48125
0 0.75 0.040625 0.7546875 0.040625 0.75625 0.0484375 0.7546875 0.0515625 0.75 0.0515625 0.7484375 0.05 0.75 0.0421875
0 0.8171875 0.2046875 0.8203125 0.209375 0.8203125 0.21875 0.8109375 0.2171875 0.8125 0.20625 0.815625 0.2046875
0 0.2796875 0.41484375 0.021875 0.0328125
0 0.828125 0.21875 0.0125 0.015625
0 0.8328125 0.16875 0.8359375 0.1765625 0.834375 0.1828125 0.8265625 0.18125 0.8265625 0.171875 0.83125 0.16875