1 0.5453125 0.6546875 0.5546875 0.653125 0.5578125 0.65625 0.5578125 0.6609375 0.5546875 0.665625 0.5453125 0.665625 0.54375 0.6625 0.5453125 0.65625
1 0.328125 0.5125 0.3328125 0.515625 0.34375 0.5171875 0.3921875 0.515625 0.3953125 0.51875 0.3859375 0.534375 0.3796875 0.553125 0.371875 0.559375 0.3015625 0.55 0.3 0.5453125 0.3109375 0.515625 0.3203125 0.5109375 0.3265625 0.5125
2 0.2015625 0.50625 0.2078125 0.515625 0.20625 0.5328125 0.2 0.5375 0.18125 0.5421875 0.1765625 0.5421875 0.175 0.5390625 0.1765625 0.5109375 0.184375 0.50625 0.19375 0.5046875 0.2 0.50625
2 0.6859375 0.534375 0.690625 0.5390625 0.690625 0.5453125 0.6875 0.5484375 0.68125 0.5484375 0.6765625 0.54375 0.6765625 0.5375 0.6796875 0.534375 0.684375 0.534375
2 0.315625 0.3328125 0.3234375 0.3375 0.33125 0.3484375 0.3359375 0.3640625 0.3359375 0.371875 0.3328125 0.3796875 0.325 0.3796875 0.31875 0.3765625 0.309375 0.3671875 0.30625 0.353125 0.30625 0.3375 0.3109375 0.33125 0.3140625 0.3328125
2 0.46875 0.3484375 0.4734375 0.3515625 0.4828125 0.365625 0.4859375 0.3765625 0.4859375 0.3859375 0.4828125 0.3953125 0.471875 0.40625 0.4703125 0.415625 0.465625 0.4203125 0.4515625 0.4203125 0.45 0.4171875 0.446875 0.4015625 0.446875 0.38125 0.4515625 0.3578125 0.459375 0.35 0.4671875 0.3484375
0 0.7546875 0.534375 0.7578125 0.5359375 0.7609375 0.5421875 0.7625 0.553125 0.7609375 0.5546875 0.7578125 0.5515625 0.753125 0.553125 0.746875 0.5484375 0.746875 0.5421875 0.753125 0.5359375
0 0.740625 0.465625 0.74375 0.46875 0.740625 0.4796875 0.740625 0.503125 0.734375 0.5140625 0.7328125 0.521875 0.728125 0.525 0.7171875 0.5234375 0.7140625 0.51875 0.7125 0.4859375 0.71875 0.46875 0.725 0.4625 0.7359375 0.4625 0.7390625 0.465625
0 0.925 0.55625 0.93125 0.5625 0.934375 0.575 0.934375 0.5921875 0.9265625 0.6125 0.921875 0.6109375 0.9125 0.6015625 0.90625 0.5859375 0.90625 0.5734375 0.9109375 0.5609375 0.91875 0.55625 0.9234375 0.55625
0 0.8890625 0.596875 0.8859375 0.59375 0.884375 0.5859375 0.8859375 0.56875 0.8921875 0.5640625 0.9 0.5640625 0.9046875 0.5765625 0.9046875 0.5828125 0.9015625 0.5890625 0.896875 0.59375 0.890625 0.5953125
0 0.815625 0.55 0.8203125 0.5484375 0.828125 0.55625 0.828125 0.565625 0.825 0.5765625 0.81875 0.578125 0.8125 0.5703125 0.8125 0.55625 0.815625 0.5515625