1 0.7333333333333333 0.5833333333333334 0.7425287356321839 0.5986842105263158 0.7425287356321839 0.6030701754385965 0.728735632183908 0.6140350877192983 0.7218390804597701 0.6140350877192983 0.7195402298850575 0.6118421052631579 0.7126436781609196 0.6008771929824561 0.7126436781609196 0.5942982456140351 0.7310344827586207 0.5833333333333334
1 0.5839080459770115 0.1074561403508772 0.5862068965517241 0.10964912280701754 0.5862068965517241 0.11403508771929824 0.5816091954022988 0.11842105263157894 0.5747126436781609 0.11842105263157894 0.5724137931034483 0.1162280701754386 0.5747126436781609 0.1074561403508772 0.5770114942528736 0.10526315789473684 0.5816091954022988 0.1074561403508772
1 0.3160919540229885 0.6535087719298246 0.034482758620689655 0.03508771929824561
1 0.664367816091954 0.12280701754385964 0.6666666666666666 0.125 0.671264367816092 0.125 0.671264367816092 0.13157894736842105 0.6666666666666666 0.14035087719298245 0.6528735632183909 0.13815789473684212 0.6505747126436782 0.13596491228070176 0.6505747126436782 0.12719298245614036 0.6551724137931034 0.12280701754385964 0.6620689655172414 0.12280701754385964
2 0.1471264367816092 0.47149122807017546 0.15172413793103448 0.4758771929824561 0.15172413793103448 0.4824561403508772 0.1425287356321839 0.48903508771929827 0.13333333333333333 0.4868421052631579 0.12873563218390804 0.4824561403508772 0.12873563218390804 0.4758771929824561 0.13333333333333333 0.47149122807017546 0.14482758620689656 0.47149122807017546
2 0.9655172413793104 0.1162280701754386 0.022988505747126436 0.017543859649122806
2 0.5494252873563218 0.44956140350877194 0.5517241379310345 0.4605263157894737 0.5494252873563218 0.4649122807017544 0.5448275862068965 0.4649122807017544 0.542528735632184 0.46710526315789475 0.5402298850574713 0.4649122807017544 0.535632183908046 0.4649122807017544 0.5310344827586206 0.4605263157894737 0.5310344827586206 0.4517543859649123 0.5379310344827586 0.4473684210526316 0.5448275862068965 0.4473684210526316 0.5471264367816092 0.44956140350877194
2 0.5287356321839081 0.23026315789473684 0.5310344827586206 0.2412280701754386 0.5241379310344828 0.24561403508771928 0.5218390804597701 0.24342105263157895 0.5172413793103449 0.24342105263157895 0.5149425287356322 0.23684210526315788 0.5195402298850574 0.23026315789473684 0.5264367816091954 0.23026315789473684
2 0.6091954022988506 0.25219298245614036 0.01839080459770115 0.017543859649122806
0 0.664367816091954 0.3793859649122807 0.6827586206896552 0.3881578947368421 0.696551724137931 0.3881578947368421 0.7034482758620689 0.39473684210526316 0.7034482758620689 0.4166666666666667 0.7011494252873564 0.41885964912280704 0.7011494252873564 0.4232456140350877 0.696551724137931 0.4276315789473684 0.6758620689655173 0.43640350877192985 0.671264367816092 0.43640350877192985 0.664367816091954 0.4407894736842105 0.6574712643678161 0.4407894736842105 0.6459770114942529 0.43201754385964913 0.6436781609195402 0.4166666666666667 0.6252873563218391 0.4100877192982456 0.6229885057471264 0.4057017543859649 0.6229885057471264 0.40350877192982454 0.6459770114942529 0.38377192982456143 0.6551724137931034 0.3793859649122807 0.6620689655172414 0.3793859649122807
0 0.18850574712643678 0.4166666666666667 0.19310344827586207 0.41885964912280704 0.20229885057471264 0.4298245614035088 0.2045977011494253 0.4517543859649123 0.19770114942528735 0.4605263157894737 0.18850574712643678 0.46271929824561403 0.1839080459770115 0.46710526315789475 0.167816091954023 0.47368421052631576 0.16091954022988506 0.4692982456140351 0.15632183908045977 0.46271929824561403 0.15402298850574714 0.44956140350877194 0.15172413793103448 0.4473684210526316 0.1310344827586207 0.4517543859649123 0.12183908045977011 0.43859649122807015 0.1310344827586207 0.4342105263157895 0.14482758620689656 0.43201754385964913 0.14942528735632185 0.42543859649122806 0.16091954022988506 0.4166666666666667 0.18620689655172415 0.4166666666666667
0 0.5885057471264368 0.37719298245614036 0.6022988505747127 0.3881578947368421 0.6045977011494252 0.40789473684210525 0.6022988505747127 0.4100877192982456 0.6022988505747127 0.4144736842105263 0.593103448275862 0.4232456140350877 0.5701149425287356 0.43201754385964913 0.5632183908045977 0.4276315789473684 0.5632183908045977 0.4166666666666667 0.5609195402298851 0.4144736842105263 0.5609195402298851 0.38596491228070173 0.5701149425287356 0.3793859649122807 0.5862068965517241 0.37719298245614036
0 0.5678160919540229 0.19736842105263158 0.5839080459770115 0.20614035087719298 0.5908045977011495 0.21710526315789475 0.5908045977011495 0.23026315789473684 0.5862068965517241 0.23684210526315788 0.5816091954022988 0.23684210526315788 0.5724137931034483 0.23026315789473684 0.5540229885057472 0.2324561403508772 0.5517241379310345 0.23464912280701755 0.5448275862068965 0.2324561403508772 0.542528735632184 0.22149122807017543 0.5379310344827586 0.2149122807017544 0.5379310344827586 0.20394736842105263 0.5517241379310345 0.19517543859649122 0.5632183908045977 0.19517543859649122 0.5655172413793104 0.19736842105263158
0 0.6482758620689655 0.03070175438596491 0.6597701149425287 0.03508771929824561 0.6597701149425287 0.041666666666666664 0.6505747126436782 0.05482456140350877 0.6459770114942529 0.05482456140350877 0.6436781609195402 0.05263157894736842 0.632183908045977 0.05482456140350877 0.632183908045977 0.03728070175438596 0.6344827586206897 0.03289473684210526 0.6459770114942529 0.03070175438596491