1 0.3296875 0.90625 0.3390625 0.9078125 0.3546875 0.915625 0.353125 0.9328125 0.35 0.9375 0.3453125 0.9375 0.328125 0.928125 0.328125 0.909375 0.3296875 0.9078125
1 0.625 0.603125 0.65 0.6140625 0.6515625 0.6171875 0.65 0.6296875 0.621875 0.6203125 0.6171875 0.6140625 0.6171875 0.6046875 0.6234375 0.603125
1 0.2578125 0.415625 0.2609375 0.41875 0.259375 0.4328125 0.2578125 0.434375 0.2515625 0.4328125 0.2515625 0.4234375 0.25625 0.4171875
2 0.725 0.465625 0.7265625 0.471875 0.7234375 0.4875 0.7125 0.4953125 0.7140625 0.4703125 0.715625 0.4671875 0.7234375 0.465625
2 0.3203125 0.8578125 0.3140625 0.8484375 0.3125 0.8390625 0.315625 0.8375 0.321875 0.846875 0.321875 0.85625
2 0.43359375 0.21640625 0.0078125 0.0140625
2 0.5984375 0.43984375 0.0125 0.0265625
0 0.83125 0.0375 0.834375 0.0390625 0.834375 0.0515625 0.828125 0.0484375 0.8296875 0.0390625
0 0.6765625 0.6890625 0.6859375 0.696875 0.6890625 0.709375 0.6875 0.7234375 0.684375 0.73125 0.68125 0.7328125 0.6765625 0.7296875 0.6640625 0.73125 0.6625 0.7265625 0.6640625 0.7 0.6671875 0.69375 0.675 0.6890625
0 0.36875 0.7328125 0.3734375 0.7375 0.378125 0.7546875 0.3765625 0.7703125 0.371875 0.7796875 0.3703125 0.771875 0.3609375 0.765625 0.3578125 0.765625 0.3546875 0.7734375 0.3515625 0.7734375 0.35 0.759375 0.35 0.753125 0.3546875 0.740625 0.359375 0.734375 0.3671875 0.7328125
0 0.65 0.75 0.6546875 0.7484375 0.6671875 0.765625 0.6671875 0.7765625 0.6640625 0.7828125 0.653125 0.7890625 0.646875 0.7890625 0.64375 0.784375 0.64375 0.7671875 0.646875 0.7546875 0.65 0.7515625
0 0.5328125 0.3890625 0.5375 0.39375 0.5375 0.409375 0.528125 0.41875 0.525 0.41875 0.5234375 0.415625 0.5234375 0.4 0.525 0.39375 0.53125 0.3890625
0 0.646875 0.078125 0.6484375 0.0921875 0.6421875 0.0921875 0.6390625 0.0875 0.640625 0.08125 0.6453125 0.078125
0 0.7453125 0.15625 0.75 0.1609375 0.75 0.1671875 0.7453125 0.175 0.7421875 0.175 0.7375 0.16875 0.7375 0.1625 0.74375 0.15625
0 0.7265625 0.0703125 0.009375 0.0125