1 0.8515625 0.3015625 0.86875 0.30625 0.86875 0.3140625 0.8640625 0.315625 0.85 0.3125 0.8484375 0.3109375 0.8484375 0.303125 0.85 0.303125
1 0.334375 0.5296875 0.3453125 0.5359375 0.34375 0.55 0.328125 0.546875 0.3171875 0.5390625 0.3171875 0.53125 0.3203125 0.528125 0.3328125 0.5296875
1 0.7296875 0.2375 0.734375 0.2390625 0.7328125 0.246875 0.7234375 0.2453125 0.7234375 0.2390625 0.728125 0.2375
2 0.825 0.228125 0.8296875 0.228125 0.8296875 0.240625 0.825 0.240625 0.825 0.2296875
2 0.4625 0.3359375 0.4671875 0.3359375 0.478125 0.3453125 0.478125 0.35625 0.4765625 0.3609375 0.471875 0.3640625 0.46875 0.3625 0.465625 0.3546875 0.4625 0.3375
2 0.896875 0.2390625 0.8984375 0.2515625 0.8953125 0.253125 0.8953125 0.240625
0 0.753125 0.5125 0.753125 0.4953125 0.7578125 0.4875 0.7625 0.4875 0.7671875 0.49375 0.7671875 0.509375 0.7640625 0.5125 0.7546875 0.5125
0 0.7921875 0.06875 0.796875 0.0734375 0.796875 0.08125 0.7953125 0.0828125 0.7890625 0.08125 0.790625 0.0703125
0 0.696875 0.275 0.6984375 0.2859375 0.6953125 0.290625 0.6890625 0.2890625 0.6890625 0.2765625 0.6953125 0.275
0 0.80078125 0.06875 0.0109375 0.015625
0 0.740625 0.15625 0.7453125 0.1609375 0.74375 0.1734375 0.740625 0.1765625 0.7359375 0.1734375 0.7359375 0.1625 0.7390625 0.1578125