1 0.853125 0.3015625 0.8671875 0.3046875 0.86875 0.30625 0.8671875 0.315625 0.85 0.3125 0.8484375 0.303125 0.8515625 0.3015625
1 0.615625 0.8203125 0.6234375 0.8234375 0.6265625 0.828125 0.6265625 0.8328125 0.621875 0.8421875 0.6109375 0.8421875 0.6046875 0.8359375 0.6046875 0.821875 0.6078125 0.81875 0.6140625 0.8203125
2 0.5953125 0.73125 0.5984375 0.7328125 0.6015625 0.7390625 0.6 0.746875 0.590625 0.7453125 0.5890625 0.7359375 0.59375 0.73125
2 0.828125 0.23515625 0.00625 0.0140625
2 0.434375 0.209375 0.4375 0.2125 0.4359375 0.2203125 0.43125 0.221875 0.4296875 0.21875 0.43125 0.2109375 0.4328125 0.2109375
2 0.896875 0.2390625 0.9 0.24375 0.8984375 0.2515625 0.8953125 0.253125 0.8953125 0.240625
2 0.7296875 0.4453125 0.73125 0.446875 0.7296875 0.4546875 0.7234375 0.4546875 0.7234375 0.45 0.728125 0.446875
2 0.684375 0.4328125 0.6875 0.4359375 0.6875 0.4421875 0.684375 0.4421875 0.6796875 0.4375 0.6796875 0.434375 0.6828125 0.4328125
0 0.728125 0.1359375 0.7265625 0.1296875 0.7296875 0.1234375 0.734375 0.1234375 0.7359375 0.1265625 0.7359375 0.134375 0.7296875 0.1359375
0 0.71484375 0.24609375 0.0140625 0.0203125
0 0.55625 0.1375 0.559375 0.1390625 0.5625 0.146875 0.5609375 0.15625 0.55625 0.1578125 0.5515625 0.1546875 0.5515625 0.140625 0.5546875 0.1390625
0 0.6421875 0.621875 0.65 0.628125 0.653125 0.6375 0.653125 0.6546875 0.6515625 0.6625 0.646875 0.66875 0.6328125 0.6671875 0.6296875 0.6625 0.628125 0.646875 0.6296875 0.6328125 0.6328125 0.6265625 0.640625 0.621875
0 0.6859375 0.0140625 0.6875 0.0234375 0.684375 0.0265625 0.6796875 0.021875 0.68125 0.015625 0.684375 0.0140625
0 0.7875 0.1828125 0.7890625 0.1984375 0.78125 0.1984375 0.7796875 0.1953125 0.7796875 0.1890625 0.7859375 0.1828125