1 0.496875 0.3890625 0.5109375 0.3921875 0.5140625 0.3953125 0.515625 0.409375 0.4953125 0.403125 0.49375 0.4 0.4953125 0.390625
1 0.36796875 0.371875 0.0140625 0.0125
2 0.61875 0.5890625 0.621875 0.5953125 0.6171875 0.6 0.6109375 0.5984375 0.6125 0.5921875 0.6171875 0.5890625
2 0.565625 0.5765625 0.5703125 0.5828125 0.5703125 0.590625 0.565625 0.5890625 0.5609375 0.5828125 0.5609375 0.578125 0.5640625 0.5765625
0 0.75078125 0.1546875 0.0140625 0.01875
0 0.9140625 0.15 0.9171875 0.153125 0.9171875 0.159375 0.9125 0.1640625 0.9078125 0.1640625 0.9046875 0.1578125 0.90625 0.1515625 0.9125 0.15
0 0.7640625 0.3640625 0.7578125 0.35625 0.753125 0.3546875 0.753125 0.35 0.7578125 0.34375 0.7625 0.34375 0.7671875 0.3515625 0.76875 0.3640625 0.765625 0.3640625
0 0.0390625 0.4765625 0.0359375 0.471875 0.0359375 0.453125 0.04375 0.44375 0.05 0.4453125 0.053125 0.4609375 0.05 0.465625 0.05 0.4734375 0.0453125 0.478125 0.040625 0.4765625
0 0.7171875 0.23125 0.7203125 0.2359375 0.7203125 0.2421875 0.7125 0.2453125 0.7109375 0.2375 0.7125 0.2328125 0.715625 0.23125
0 0.8578125 0.0796875 0.009375 0.015625
0 0.2234375 0.5828125 0.2296875 0.5875 0.2328125 0.5953125 0.2328125 0.6078125 0.2265625 0.6234375 0.215625 0.6234375 0.2078125 0.615625 0.2125 0.5875 0.2171875 0.5828125 0.221875 0.5828125
0 0.928125 0.1484375 0.93125 0.153125 0.9296875 0.1625 0.921875 0.1625 0.91875 0.159375 0.9203125 0.15 0.9265625 0.1484375
0 0.59375 0.53125 0.5921875 0.5171875 0.5953125 0.5046875 0.6 0.496875 0.6078125 0.496875 0.6125 0.503125 0.6125 0.528125 0.6078125 0.5328125 0.6046875 0.5265625 0.6015625 0.5265625 0.5984375 0.5328125 0.5953125 0.53125
0 0.5125 0.4109375 0.5203125 0.41875 0.5203125 0.428125 0.5109375 0.4453125 0.5046875 0.44375 0.5 0.4375 0.5015625 0.4171875 0.50625 0.4109375 0.5109375 0.4109375