1 0.2078125 0.84375 0.2203125 0.8515625 0.225 0.8578125 0.2234375 0.871875 0.21875 0.8796875 0.203125 0.8703125 0.1984375 0.8640625 0.2015625 0.846875 0.20625 0.84375
1 0.58125 0.703125 0.6125 0.715625 0.615625 0.7203125 0.615625 0.7265625 0.6015625 0.7265625 0.584375 0.721875 0.5796875 0.7140625 0.5796875 0.7046875
2 0.8265625 0.1765625 0.825 0.1859375 0.81875 0.184375 0.81875 0.178125 0.821875 0.175 0.825 0.1765625
2 0.6 0.2546875 0.6046875 0.2546875 0.60625 0.2578125 0.60625 0.2609375 0.603125 0.2625 0.6 0.25625
2 0.6359375 0.2890625 0.6390625 0.2875 0.6453125 0.2890625 0.64375 0.303125 0.640625 0.303125 0.6359375 0.2984375 0.6359375 0.290625
2 0.4359375 0.2140625 0.4390625 0.215625 0.4390625 0.2203125 0.434375 0.225 0.43125 0.221875 0.43125 0.215625 0.434375 0.2140625
2 0.70625 0.5671875 0.709375 0.5703125 0.709375 0.58125 0.70625 0.5875 0.6953125 0.5921875 0.690625 0.590625 0.6921875 0.5703125 0.696875 0.5671875 0.7046875 0.5671875
2 0.19375 0.7796875 0.196875 0.7796875 0.203125 0.7875 0.203125 0.79375 0.1984375 0.79375 0.19375 0.7890625 0.1921875 0.7828125 0.19375 0.78125
2 0.5296875 0.334375 0.5359375 0.3359375 0.5375 0.340625 0.5359375 0.34375 0.5328125 0.34375 0.5296875 0.340625 0.5296875 0.3359375
2 0.453125 0.4796875 0.4578125 0.4796875 0.45625 0.49375 0.453125 0.490625 0.4515625 0.484375 0.453125 0.48125
2 0.778125 0.30625 0.7828125 0.30625 0.7828125 0.315625 0.778125 0.3125 0.778125 0.3078125
2 0.55625 0.5234375 0.559375 0.521875 0.5640625 0.5234375 0.5703125 0.53125 0.5703125 0.540625 0.565625 0.55 0.55625 0.5375 0.5546875 0.5328125 0.55625 0.525
2 0.7328125 0.3109375 0.7359375 0.3125 0.7375 0.3171875 0.7359375 0.325 0.7296875 0.328125 0.725 0.3265625 0.725 0.31875 0.7265625 0.3140625 0.73125 0.3109375
2 0.7546875 0.1671875 0.009375 0.0125
0 0.8125 0.84375 0.8171875 0.85 0.8140625 0.878125 0.80625 0.878125 0.8 0.875 0.7953125 0.8671875 0.796875 0.853125 0.803125 0.846875 0.8109375 0.84375
0 0.8234375 0.0796875 0.825 0.0828125 0.8234375 0.090625 0.81875 0.090625 0.81875 0.08125 0.821875 0.0796875
0 0.478125 0.4359375 0.4828125 0.41875 0.4921875 0.4171875 0.4953125 0.4234375 0.49375 0.4390625 0.490625 0.4421875 0.484375 0.4375 0.48125 0.4390625 0.4796875 0.4375
0 0.8390625 0.0484375 0.840625 0.0390625 0.84375 0.0421875 0.84375 0.0484375 0.840625 0.0484375
0 0.5078125 0.44375 0.5046875 0.4375 0.496875 0.4359375 0.4953125 0.421875 0.496875 0.415625 0.50625 0.4140625 0.509375 0.41875 0.5125 0.4328125 0.509375 0.4421875
0 0.2265625 0.734375 0.225 0.728125 0.2265625 0.7109375 0.2296875 0.7015625 0.2390625 0.6921875 0.246875 0.6921875 0.253125 0.7 0.2546875 0.70625 0.253125 0.7234375 0.2484375 0.7296875 0.2421875 0.7328125 0.2375 0.7328125 0.2328125 0.7359375 0.228125 0.734375
0 0.6296875 0.2125 0.63125 0.2296875 0.6265625 0.234375 0.6203125 0.2328125 0.6203125 0.2171875 0.6234375 0.2125 0.628125 0.2125
0 0.80078125 0.271875 0.0140625 0.01875
0 0.2734375 0.6796875 0.2796875 0.6859375 0.28125 0.6921875 0.2796875 0.7171875 0.275 0.721875 0.26875 0.709375 0.2578125 0.709375 0.25625 0.7 0.2609375 0.684375 0.26875 0.678125 0.271875 0.6796875
0 0.5640625 0.284375 0.5671875 0.2890625 0.5671875 0.30625 0.5640625 0.3109375 0.55625 0.3109375 0.553125 0.30625 0.553125 0.290625 0.559375 0.2828125 0.5625 0.284375
0 0.709375 0.12421875 0.0125 0.0140625
0 0.8515625 0.0578125 0.8546875 0.0625 0.8546875 0.0671875 0.853125 0.06875 0.8484375 0.0671875 0.8484375 0.059375 0.85 0.059375