1 0.7296875 0.615625 0.7328125 0.61875 0.7328125 0.625 0.721875 0.6390625 0.6765625 0.640625 0.675 0.6421875 0.6671875 0.6421875 0.659375 0.6375 0.6515625 0.621875 0.653125 0.6171875 0.6828125 0.6171875 0.70625 0.6140625 0.7265625 0.6140625 0.728125 0.615625
1 0.1984375 0.490625 0.2234375 0.4890625 0.24375 0.4921875 0.24375 0.496875 0.2359375 0.5 0.20625 0.5 0.2015625 0.4984375 0.1984375 0.4921875
2 0.6 0.5328125 0.6046875 0.5421875 0.6 0.546875 0.6 0.5515625 0.596875 0.5546875 0.584375 0.553125 0.578125 0.55 0.5703125 0.54375 0.5703125 0.5390625 0.5859375 0.53125 0.5984375 0.5328125
2 0.4671875 0.784375 0.4890625 0.79375 0.50625 0.80625 0.525 0.828125 0.534375 0.8515625 0.534375 0.8828125 0.5296875 0.896875 0.5109375 0.925 0.4890625 0.9421875 0.4671875 0.953125 0.4390625 0.9609375 0.428125 0.9625 0.3875 0.9609375 0.36875 0.95625 0.346875 0.9453125 0.3375 0.9390625 0.3140625 0.9140625 0.3109375 0.9140625 0.2578125 0.9421875 0.234375 0.9515625 0.2296875 0.95625 0.225 0.95625 0.209375 0.965625 0.2015625 0.9671875 0.1828125 0.9796875 0.1453125 0.9984375 0.1203125 0.9984375 0.1203125 0.9953125 0.146875 0.971875 0.175 0.9578125 0.19375 0.9515625 0.23125 0.93125 0.2453125 0.9265625 0.28125 0.90625 0.3 0.8984375 0.30625 0.8984375 0.3078125 0.896875 0.30625 0.8640625 0.3125 0.84375 0.3234375 0.8265625 0.3484375 0.803125 0.3828125 0.7859375 0.4 0.7828125 0.45 0.78125 0.465625 0.784375
2 0.715625 0.5296875 0.725 0.534375 0.7265625 0.5390625 0.725 0.5421875 0.7203125 0.5453125 0.7109375 0.5453125 0.7046875 0.5421875 0.703125 0.5390625 0.7046875 0.534375 0.709375 0.53125 0.7140625 0.53125
2 0.4625 0.784375 0.478125 0.7890625 0.5 0.8015625 0.515625 0.815625 0.525 0.828125 0.534375 0.8546875 0.5328125 0.8875 0.5171875 0.9171875 0.490625 0.940625 0.4671875 0.953125 0.446875 0.959375 0.4265625 0.9625 0.4015625 0.9625 0.36875 0.95625 0.3359375 0.9375 0.3125 0.9109375 0.3125 0.9046875 0.309375 0.9015625 0.30625 0.890625 0.30625 0.865625 0.309375 0.8515625 0.3203125 0.83125 0.3421875 0.809375 0.3546875 0.8 0.3796875 0.7890625 0.4078125 0.7828125 0.45625 0.7828125 0.4609375 0.784375
2 0.1703125 0.45 0.1734375 0.453125 0.1734375 0.459375 0.1703125 0.4609375 0.1609375 0.4609375 0.159375 0.4578125 0.159375 0.453125 0.1625 0.45 0.165625 0.4484375 0.16875 0.45
0 0.2296875 0.4078125 0.2359375 0.4140625 0.2328125 0.425 0.225 0.41875 0.2203125 0.41875 0.215625 0.4109375 0.2203125 0.4078125 0.228125 0.4078125
0 0.028125 0.4015625 0.0328125 0.40625 0.0328125 0.4140625 0.015625 0.4171875 0.0109375 0.415625 0.0109375 0.4078125 0.015625 0.403125 0.0265625 0.4015625
0 0.59375 0.40625 0.609375 0.4109375 0.61875 0.4171875 0.6265625 0.425 0.6265625 0.4328125 0.6203125 0.4375 0.61875 0.446875 0.615625 0.45 0.6125 0.434375 0.60625 0.4296875 0.5859375 0.43125 0.5796875 0.434375 0.5734375 0.440625 0.571875 0.459375 0.5671875 0.4671875 0.5609375 0.4671875 0.5515625 0.453125 0.5484375 0.4421875 0.5484375 0.425 0.5515625 0.41875 0.5609375 0.4109375 0.575 0.40625 0.5921875 0.40625
0 0.196875 0.40625 0.1984375 0.4078125 0.190625 0.415625 0.184375 0.4265625 0.18125 0.425 0.178125 0.4171875 0.1796875 0.409375 0.184375 0.40625 0.1953125 0.40625