1 0.303125 0.371875 0.3046875 0.3875 0.3015625 0.3890625 0.2984375 0.384375 0.2984375 0.3765625 0.3015625 0.3734375
1 0.5671875 0.45625 0.575 0.4609375 0.575 0.465625 0.571875 0.4703125 0.5625 0.4703125 0.55625 0.4671875 0.55625 0.4578125 0.565625 0.45625
1 0.4171875 0.3578125 0.425 0.3625 0.4234375 0.3703125 0.415625 0.3703125 0.4109375 0.3671875 0.4109375 0.3625 0.415625 0.3578125
0 0.475 0.8125 0.478125 0.81875 0.475 0.853125 0.4734375 0.8546875 0.4625 0.853125 0.45625 0.8578125 0.453125 0.853125 0.453125 0.8328125 0.45625 0.8203125 0.459375 0.8140625 0.465625 0.809375 0.4703125 0.809375 0.4734375 0.8125
0 0.709375 0.153125 0.7125 0.159375 0.7125 0.1640625 0.709375 0.16875 0.7046875 0.16875 0.7 0.1625 0.7015625 0.1546875 0.7046875 0.1515625 0.7078125 0.153125
0 0.7578125 0.071875 0.7609375 0.0765625 0.759375 0.084375 0.7515625 0.0828125 0.7515625 0.0765625 0.75625 0.071875
0 0.8421875 0.1203125 0.8453125 0.1234375 0.8453125 0.1328125 0.8421875 0.1359375 0.8375 0.1359375 0.8359375 0.1328125 0.8359375 0.125 0.840625 0.1203125
0 0.4734375 0.4625 0.4828125 0.471875 0.4828125 0.49375 0.48125 0.4953125 0.4765625 0.49375 0.475 0.4796875 0.4671875 0.4734375 0.4671875 0.46875 0.471875 0.4640625
0 0.6609375 0.2046875 0.665625 0.209375 0.6640625 0.2296875 0.659375 0.23125 0.6546875 0.2265625 0.653125 0.2203125 0.6546875 0.209375 0.659375 0.20625
0 0.525 0.5546875 0.528125 0.55625 0.534375 0.5703125 0.5328125 0.596875 0.5265625 0.5984375 0.515625 0.59375 0.5125 0.5890625 0.5140625 0.56875 0.5234375 0.55625
0 0.25625 0.925 0.2640625 0.9203125 0.2734375 0.921875 0.2734375 0.94375 0.2796875 0.9546875 0.278125 0.9671875 0.275 0.9734375 0.271875 0.975 0.2640625 0.9734375 0.25 0.9625 0.2484375 0.9578125 0.25 0.9515625 0.2625 0.9453125 0.2546875 0.9421875 0.25625 0.9265625
0 0.4671875 0.471875 0.475 0.4796875 0.4765625 0.490625 0.475 0.4984375 0.46875 0.5 0.4609375 0.4953125 0.459375 0.4828125 0.4625 0.475 0.465625 0.4734375
0 0.72265625 0.0296875 0.0078125 0.0125
0 0.74375 0.1296875 0.74375 0.11875 0.746875 0.1140625 0.7515625 0.1140625 0.7546875 0.1203125 0.7546875 0.1296875 0.7515625 0.13125 0.7453125 0.1296875
0 0.565625 0.090625 0.56875 0.0953125 0.56875 0.1015625 0.5640625 0.109375 0.559375 0.103125 0.559375 0.0953125 0.5640625 0.090625
0 0.57734375 0.37890625 0.0140625 0.0203125
0 0.7203125 0.2640625 0.7140625 0.2609375 0.7140625 0.2515625 0.7171875 0.2484375 0.721875 0.2515625 0.7234375 0.2546875 0.721875 0.2625
0 0.496875 0.81328125 0.025 0.0578125