1 0.2296875 0.2828125 0.25625 0.28125 0.2609375 0.2890625 0.2609375 0.2984375 0.2578125 0.309375 0.2546875 0.3125 0.240625 0.3125 0.2296875 0.30625 0.228125 0.3 0.2296875 0.284375
1 0.009375 0.534375 0.0125 0.5421875 0.0125 0.5625 0.0109375 0.5734375 0.00625 0.5796875 0 0.5796875 0 0.534375 0.0015625 0.5328125 0.0078125 0.534375
1 0.4953125 0.621875 0.4984375 0.6265625 0.4984375 0.6484375 0.49375 0.671875 0.490625 0.675 0.459375 0.6765625 0.44375 0.6796875 0.3890625 0.6796875 0.3828125 0.6703125 0.3875 0.6546875 0.3859375 0.6375 0.3890625 0.6296875 0.39375 0.625 0.4046875 0.6234375 0.4078125 0.625 0.446875 0.625 0.4484375 0.6234375 0.49375 0.621875
2 0.3484375 0.4390625 0.353125 0.4453125 0.353125 0.45625 0.3453125 0.4765625 0.346875 0.484375 0.3375 0.490625 0.3265625 0.4890625 0.3140625 0.478125 0.3109375 0.46875 0.3109375 0.459375 0.3171875 0.4453125 0.321875 0.440625 0.3328125 0.4359375 0.34375 0.4359375 0.346875 0.4390625
2 0.0765625 0.3359375 0.0828125 0.3421875 0.0828125 0.353125 0.0703125 0.3734375 0.0546875 0.38125 0.05 0.38125 0.0484375 0.378125 0.0484375 0.3578125 0.0546875 0.346875 0.0625 0.3390625 0.075 0.3359375
2 0.3140625 0.1421875 0.3203125 0.15 0.3203125 0.1671875 0.309375 0.18125 0.303125 0.18125 0.296875 0.1765625 0.29375 0.16875 0.29375 0.1609375 0.3 0.1484375 0.3078125 0.1421875 0.3125 0.1421875
2 0.584375 0.4140625 0.5953125 0.421875 0.5984375 0.428125 0.5984375 0.4421875 0.5921875 0.4578125 0.58125 0.471875 0.5703125 0.475 0.5609375 0.475 0.5515625 0.4671875 0.5421875 0.465625 0.540625 0.4640625 0.540625 0.446875 0.5453125 0.4328125 0.55625 0.4171875 0.5625 0.4140625 0.5828125 0.4140625
2 0.584375 0.4140625 0.5921875 0.41875 0.5984375 0.428125 0.5984375 0.4421875 0.5921875 0.4578125 0.58125 0.471875 0.571875 0.4734375 0.5671875 0.4765625 0.55 0.46875 0.5421875 0.46875 0.5375 0.471875 0.5234375 0.4984375 0.5234375 0.515625 0.51875 0.5359375 0.515625 0.51875 0.5203125 0.5046875 0.521875 0.48125 0.534375 0.465625 0.5390625 0.45625 0.540625 0.4453125 0.5484375 0.4265625 0.5578125 0.415625 0.5828125 0.4140625
2 0.30625 0.36875 0.3171875 0.3828125 0.3203125 0.4015625 0.303125 0.4171875 0.2984375 0.41875 0.2875 0.4171875 0.28125 0.4125 0.2765625 0.4 0.2765625 0.3828125 0.2828125 0.371875 0.2953125 0.3671875 0.3046875 0.36875
0 0.9078125 0.0546875 0.9171875 0.059375 0.925 0.0671875 0.928125 0.075 0.928125 0.0984375 0.9234375 0.1109375 0.915625 0.109375 0.8875 0.1109375 0.884375 0.103125 0.8828125 0.084375 0.8875 0.0671875 0.89375 0.0578125 0.90625 0.0546875
0 0.1640625 0.0140625 0.1671875 0.0171875 0.1671875 0.0328125 0.1640625 0.0421875 0.1578125 0.046875 0.153125 0.046875 0.1484375 0.040625 0.146875 0.021875 0.1515625 0.015625 0.1625 0.0140625
0 0.1296875 0.03125 0.1375 0.040625 0.1390625 0.059375 0.1359375 0.0765625 0.1234375 0.0828125 0.11875 0.0828125 0.1140625 0.0765625 0.109375 0.0640625 0.109375 0.0484375 0.1140625 0.0375 0.1203125 0.03125 0.128125 0.03125
0 0.7171875 0.11875 0.7390625 0.1625 0.7375 0.190625 0.734375 0.20625 0.7328125 0.190625 0.728125 0.18125 0.7234375 0.178125 0.7140625 0.1765625 0.7046875 0.1796875 0.7 0.1875 0.6984375 0.209375 0.6953125 0.209375 0.6953125 0.1921875 0.6921875 0.1734375 0.69375 0.1515625 0.7015625 0.1265625 0.715625 0.11875
0 0.0296875 0.078125 0.0390625 0.0828125 0.0453125 0.090625 0.0546875 0.109375 0.0625 0.140625 0.0625 0.16875 0.059375 0.18125 0.05625 0.21875 0.046875 0.2296875 0.04375 0.2234375 0.0453125 0.2203125 0.0453125 0.1765625 0.046875 0.175 0.04375 0.1640625 0.0359375 0.15625 0.025 0.1515625 0.0140625 0.1515625 0 0.1625 0 0.090625 0.0140625 0.078125 0.01875 0.0765625 0.028125 0.078125
0 0.2828125 0.0046875 0.290625 0.009375 0.29375 0.01875 0.29375 0.0390625 0.2890625 0.0484375 0.28125 0.053125 0.2734375 0.053125 0.2625 0.0421875 0.2640625 0.0234375 0.26875 0.0140625 0.278125 0.00625 0.28125 0.00625
0 0.434375 0.0796875 0.45 0.0875 0.4609375 0.1015625 0.4703125 0.1265625 0.4703125 0.146875 0.46875 0.15 0.4546875 0.1546875 0.446875 0.1625 0.440625 0.1734375 0.4390625 0.178125 0.4390625 0.19375 0.440625 0.1953125 0.4390625 0.2390625 0.4296875 0.2484375 0.40625 0.2484375 0.3953125 0.234375 0.3890625 0.196875 0.3875 0.15 0.390625 0.125 0.4046875 0.0953125 0.4171875 0.0828125 0.4328125 0.0796875
0 0.746875 0.103125 0.76875 0.115625 0.771875 0.121875 0.7734375 0.1296875 0.771875 0.15625 0.7703125 0.1671875 0.7640625 0.18125 0.7546875 0.16875 0.740625 0.165625 0.721875 0.1265625 0.721875 0.1171875 0.725 0.1109375 0.7328125 0.1046875 0.7453125 0.103125
0 0.2625 0.05 0.271875 0.059375 0.275 0.0703125 0.2734375 0.1 0.26875 0.10625 0.2640625 0.1078125 0.246875 0.1078125 0.24375 0.103125 0.2453125 0.0625 0.253125 0.0515625 0.2609375 0.05