1 0.01875 0.5453125 0.0203125 0.5484375 0.01875 0.559375 0.0015625 0.5640625 0 0.5640625 0 0.546875 0.0171875 0.5453125
1 0.278125 0.453125 0.04375 0.021875
1 0.0703125 0.4859375 0.0703125 0.4796875 0.078125 0.46875 0.1109375 0.46875 0.1125 0.478125 0.103125 0.4875 0.071875 0.4859375
1 0.99609375 0.42109375 0.0078125 0.0171875
1 0.45 0.44375 0.4515625 0.4453125 0.4453125 0.465625 0.440625 0.471875 0.43125 0.475 0.3890625 0.475 0.3875 0.4765625 0.3828125 0.4765625 0.3796875 0.4734375 0.3796875 0.46875 0.3890625 0.4515625 0.39375 0.4484375 0.4484375 0.44375
2 0.0703125 0.3875 0.075 0.390625 0.0796875 0.4015625 0.078125 0.4125 0.071875 0.4109375 0.0625 0.396875 0.0625 0.390625 0.06875 0.3875
2 0.7953125 0.3203125 0.803125 0.3203125 0.8109375 0.3328125 0.809375 0.346875 0.8046875 0.35 0.8 0.35 0.7953125 0.3375 0.7953125 0.321875
2 0.271875 0.3484375 0.28125 0.35 0.28125 0.3640625 0.278125 0.375 0.275 0.375 0.271875 0.3703125 0.2703125 0.3609375 0.271875 0.35
2 0.934375 0.353125 0.9390625 0.3609375 0.9375 0.3703125 0.9234375 0.36875 0.9203125 0.365625 0.9203125 0.35625 0.925 0.353125 0.9328125 0.353125
2 0.2875 0.42734375 0.021875 0.0234375
2 0.3859375 0.340625 0.39375 0.3546875 0.39375 0.365625 0.3875 0.3671875 0.3796875 0.365625 0.375 0.3546875 0.3765625 0.340625 0.378125 0.3390625 0.384375 0.340625
2 0.6953125 0.3203125 0.7 0.3234375 0.7015625 0.328125 0.7015625 0.3453125 0.6875 0.353125 0.684375 0.353125 0.6828125 0.35 0.6828125 0.3296875 0.6875 0.3234375 0.69375 0.321875
2 0.16875 0.3890625 0.16875 0.4046875 0.1609375 0.4125 0.15 0.4125 0.1484375 0.4 0.1546875 0.3890625 0.1578125 0.3875 0.1671875 0.3890625
2 0.8828125 0.346875 0.8875 0.35 0.8875 0.359375 0.8828125 0.359375 0.88125 0.3484375
2 0.4265625 0.3734375 0.434375 0.371875 0.4375 0.3734375 0.4390625 0.378125 0.4375 0.3859375 0.434375 0.3890625 0.4265625 0.3828125 0.425 0.3796875 0.4265625 0.375
2 0.528125 0.321875 0.534375 0.3265625 0.5359375 0.33125 0.534375 0.3375 0.5265625 0.346875 0.5171875 0.3515625 0.5046875 0.35 0.5 0.3453125 0.4984375 0.334375 0.5109375 0.321875 0.5171875 0.3203125 0.5265625 0.321875
2 0.775 0.3625 0.7796875 0.36875 0.7796875 0.3765625 0.76875 0.3828125 0.7640625 0.3828125 0.7640625 0.3671875 0.7734375 0.3625
2 0.3515625 0.3671875 0.3546875 0.371875 0.3546875 0.378125 0.34375 0.3859375 0.3359375 0.3859375 0.33125 0.3828125 0.3296875 0.3765625 0.340625 0.365625 0.35 0.3671875
0 0.0296875 0.3859375 0.0359375 0.3953125 0.0359375 0.41875 0.0171875 0.421875 0.0125 0.421875 0.009375 0.4171875 0.0078125 0.4109375 0.009375 0.3953125 0.0140625 0.3875 0.028125 0.3859375
0 0.1390625 0.2984375 0.146875 0.3015625 0.1515625 0.30625 0.159375 0.3203125 0.1609375 0.34375 0.1515625 0.3625 0.1484375 0.3625 0.1453125 0.3578125 0.1453125 0.346875 0.1421875 0.3359375 0.1359375 0.334375 0.1203125 0.3375 0.115625 0.34375 0.1125 0.3421875 0.1078125 0.33125 0.10625 0.3171875 0.109375 0.3109375 0.125 0.3 0.1375 0.2984375
0 0.328125 0.2765625 0.340625 0.28125 0.3484375 0.2921875 0.35 0.325 0.3453125 0.3328125 0.340625 0.3328125 0.3359375 0.3296875 0.3328125 0.3234375 0.334375 0.3125 0.3296875 0.30625 0.3234375 0.3046875 0.309375 0.3109375 0.303125 0.3046875 0.303125 0.2953125 0.3078125 0.2875 0.31875 0.2765625 0.3265625 0.2765625
0 0.3640625 0.278125 0.3703125 0.2828125 0.375 0.2953125 0.3765625 0.3171875 0.375 0.321875 0.3625 0.33125 0.35625 0.33125 0.3515625 0.328125 0.3515625 0.3046875 0.346875 0.284375 0.35 0.2796875 0.3625 0.278125