1 0.278125 0.746875 0.290625 0.759375 0.290625 0.76875 0.2859375 0.775 0.2796875 0.771875 0.2703125 0.759375 0.2703125 0.7484375 0.2734375 0.7453125 0.2765625 0.746875
1 0.7828125 0.33125 0.7859375 0.3296875 0.79375 0.33125 0.7984375 0.3390625 0.7953125 0.3453125 0.7859375 0.3453125 0.78125 0.3421875 0.7828125 0.3328125
1 0.4625 0.415625 0.4734375 0.4171875 0.4734375 0.4265625 0.4703125 0.428125 0.4625 0.4234375 0.4625 0.4171875
1 0.334375 0.53125 0.340625 0.5359375 0.340625 0.54375 0.3375 0.546875 0.3296875 0.546875 0.325 0.5390625 0.325 0.53125 0.3265625 0.5296875 0.3328125 0.53125
0 0.7953125 0.246875 0.803125 0.246875 0.8046875 0.25 0.8046875 0.2640625 0.8015625 0.2671875 0.796875 0.2625 0.7921875 0.2640625 0.7921875 0.2546875 0.7953125 0.2484375
0 0.3234375 0.5640625 0.328125 0.56875 0.328125 0.5875 0.325 0.6046875 0.3203125 0.609375 0.3125 0.609375 0.309375 0.6046875 0.3046875 0.5765625 0.3109375 0.5671875 0.321875 0.5640625
0 0.303125 0.58125 0.3078125 0.590625 0.309375 0.6125 0.3078125 0.6171875 0.296875 0.625 0.2921875 0.625 0.2890625 0.621875 0.284375 0.6015625 0.284375 0.590625 0.2875 0.5859375 0.296875 0.58125 0.3015625 0.58125
0 0.471875 0.3140625 0.475 0.3171875 0.475 0.321875 0.4796875 0.33125 0.478125 0.3390625 0.471875 0.3421875 0.465625 0.340625 0.4640625 0.3375 0.4640625 0.325 0.4671875 0.315625 0.4703125 0.3140625
0 0.33984375 0.63046875 0.0265625 0.0328125
0 0.484375 0.3203125 0.015625 0.028125
0 0.35625 0.3921875 0.3625 0.396875 0.3640625 0.4015625 0.3625 0.421875 0.359375 0.425 0.3515625 0.425 0.3453125 0.4140625 0.346875 0.4 0.3515625 0.39375 0.3546875 0.39375