1 0.5296875 0.9484375 0.55 0.9578125 0.553125 0.96875 0.55 0.975 0.546875 0.9765625 0.5328125 0.975 0.521875 0.9703125 0.5234375 0.9515625 0.528125 0.9484375
1 0.0765625 0.95 0.0921875 0.95625 0.0953125 0.9609375 0.0984375 0.971875 0.0984375 0.9875 0.1 0.9890625 0.0984375 0.9921875 0.090625 0.9890625 0.0625 0.9671875 0.0609375 0.953125 0.0640625 0.95 0.075 0.95
1 0.5515625 0.5765625 0.565625 0.584375 0.5625 0.5953125 0.5546875 0.5953125 0.5453125 0.590625 0.5453125 0.5828125 0.546875 0.578125 0.55 0.5765625
1 0.5875 0.2640625 0.60625 0.2671875 0.609375 0.271875 0.609375 0.2765625 0.60625 0.28125 0.5953125 0.2796875 0.5875 0.275 0.5859375 0.2703125 0.5875 0.265625
1 0.2578125 0.4171875 0.2609375 0.421875 0.2609375 0.428125 0.2578125 0.434375 0.253125 0.434375 0.25 0.43125 0.25 0.425 0.253125 0.41875 0.25625 0.4171875
2 0.2875 0.7546875 0.284375 0.75 0.284375 0.7390625 0.28125 0.73125 0.28125 0.725 0.284375 0.721875 0.290625 0.7265625 0.29375 0.734375 0.29375 0.7546875 0.2921875 0.75625 0.2890625 0.7546875
0 0.6078125 0.1109375 0.609375 0.1125 0.6078125 0.1234375 0.6015625 0.1203125 0.6015625 0.1140625 0.60625 0.1109375
0 0.43515625 0.19609375 0.0109375 0.0140625
0 0.784375 0.20078125 0.0125 0.0234375
0 0.5625 0.7703125 0.5671875 0.771875 0.571875 0.778125 0.5734375 0.7921875 0.5703125 0.7953125 0.5546875 0.7953125 0.553125 0.79375 0.5546875 0.775 0.5609375 0.771875
0 0.459375 0.3375 0.4640625 0.34375 0.465625 0.3515625 0.4625 0.3625 0.4515625 0.365625 0.4484375 0.3609375 0.4515625 0.34375 0.4578125 0.3390625
0 0.571875 0.4640625 0.01875 0.025
0 0.778125 0.08125 0.78125 0.084375 0.78125 0.090625 0.778125 0.09375 0.771875 0.090625 0.771875 0.0859375 0.7765625 0.08125
0 0.8421875 0.071875 0.84375 0.084375 0.8328125 0.0828125 0.834375 0.0734375 0.840625 0.071875