1 0.840625 0.4453125 0.896875 0.446875 0.9 0.4484375 0.9015625 0.453125 0.9015625 0.46875 0.903125 0.4703125 0.9 0.478125 0.846875 0.4765625 0.840625 0.4703125 0.8390625 0.4609375 0.840625 0.446875
1 0.340625 0.253125 0.34375 0.2578125 0.34375 0.26875 0.3375 0.275 0.3234375 0.271875 0.321875 0.259375 0.328125 0.253125 0.3390625 0.253125
1 0.275 0.284375 0.278125 0.2875 0.278125 0.2984375 0.275 0.3015625 0.2625 0.3015625 0.2578125 0.3 0.2546875 0.2953125 0.2546875 0.2859375 0.2578125 0.2828125 0.2734375 0.284375
1 0.1203125 0.3828125 0.1265625 0.3890625 0.125 0.4078125 0.115625 0.4140625 0.109375 0.4140625 0.0890625 0.4203125 0.084375 0.4203125 0.08125 0.4171875 0.078125 0.40625 0.0796875 0.3953125 0.084375 0.3921875 0.11875 0.3828125
1 0.6328125 0.521875 0.6421875 0.525 0.7125 0.521875 0.7171875 0.5265625 0.7203125 0.534375 0.721875 0.5671875 0.7125 0.571875 0.6265625 0.5734375 0.621875 0.5671875 0.621875 0.559375 0.6171875 0.54375 0.6171875 0.525 0.621875 0.525 0.6265625 0.521875 0.63125 0.5234375
2 0.76875 0.259375 0.775 0.2640625 0.7796875 0.2734375 0.775 0.2875 0.76875 0.2921875 0.7640625 0.2921875 0.7578125 0.2859375 0.75625 0.28125 0.7578125 0.2640625 0.7671875 0.259375
2 0.75625 0.3234375 0.759375 0.33125 0.759375 0.3515625 0.75625 0.359375 0.7484375 0.3671875 0.7296875 0.3734375 0.7203125 0.3734375 0.715625 0.36875 0.7171875 0.35 0.7265625 0.33125 0.73125 0.3265625 0.7421875 0.321875 0.7546875 0.3234375
2 0.5453125 0.3375 0.55 0.3390625 0.5578125 0.346875 0.5640625 0.3578125 0.565625 0.371875 0.5640625 0.378125 0.5578125 0.3828125 0.528125 0.3828125 0.5203125 0.375 0.51875 0.3515625 0.521875 0.3453125 0.5328125 0.3375 0.54375 0.3375
0 0.33125 0.1640625 0.3359375 0.1734375 0.3359375 0.18125 0.3328125 0.1890625 0.3203125 0.1890625 0.315625 0.1859375 0.3171875 0.1671875 0.3234375 0.1625 0.3296875 0.1640625
0 0.0390625 0.184375 0.040625 0.2046875 0.0375 0.20625 0.03125 0.20625 0.0265625 0.2015625 0.028125 0.1859375 0.03125 0.1828125 0.0375 0.184375
0 0.2734375 0.165625 0.2828125 0.1671875 0.284375 0.171875 0.284375 0.1875 0.28125 0.1921875 0.278125 0.1921875 0.271875 0.1875 0.271875 0.16875 0.2734375 0.1671875
0 0.153125 0.178125 0.15625 0.1796875 0.159375 0.1875 0.159375 0.196875 0.15625 0.2 0.146875 0.2 0.14375 0.1921875 0.146875 0.18125 0.1515625 0.178125
0 0.2578125 0.1625 0.265625 0.1625 0.271875 0.175 0.271875 0.18125 0.26875 0.1875 0.2609375 0.1890625 0.2546875 0.1859375 0.2546875 0.1671875 0.2578125 0.1640625
0 0.8515625 0.121875 0.859375 0.1265625 0.8671875 0.1421875 0.865625 0.1984375 0.859375 0.2078125 0.8375 0.209375 0.834375 0.2125 0.8265625 0.2140625 0.8234375 0.2140625 0.8203125 0.2078125 0.8171875 0.1921875 0.815625 0.178125 0.8171875 0.1453125 0.821875 0.1328125 0.83125 0.1234375 0.85 0.121875
0 0.8828125 0.1328125 0.890625 0.1359375 0.9 0.146875 0.903125 0.1546875 0.903125 0.1734375 0.896875 0.2 0.8921875 0.203125 0.88125 0.2046875 0.875 0.2046875 0.86875 0.2 0.86875 0.175 0.8671875 0.1734375 0.86875 0.140625 0.8734375 0.134375 0.88125 0.1328125