1 0.4953604568165596 0.4724186704384724 0.5039257673090649 0.4794908062234795 0.4989293361884368 0.4893917963224894 0.4875089221984297 0.4837340876944837 0.48822269807280516 0.4738330975954738 0.49464668094218417 0.4724186704384724
1 0.9182726623840114 0.6888260254596889 0.012134189864382585 0.028288543140028287
1 0.039257673090649536 0.4766619519094767 0.04068522483940043 0.48514851485148514 0.03640256959314775 0.4893917963224894 0.030692362598144184 0.48797736916548795 0.030692362598144184 0.4823196605374823 0.03568879371877231 0.4752475247524752 0.03854389721627409 0.4766619519094767
1 0.8893647394718058 0.7652050919377652 0.892933618843683 0.7581329561527581 0.8979300499643112 0.7581329561527581 0.9043540328336902 0.7722772277227723 0.9043540328336902 0.7779349363507779 0.9022127052105638 0.7821782178217822 0.8950749464668094 0.7864214992927864 0.8900785153461813 0.7666195190947667
1 0.21698786581013563 0.39603960396039606 0.21984296930763741 0.3988684582743989 0.21984296930763741 0.4031117397454031 0.21413276231263384 0.4115983026874116 0.20985010706638116 0.4115983026874116 0.2091363311920057 0.40594059405940597 0.21627408993576017 0.39745403111739747
1 0.15417558886509636 0.8500707213578501 0.15845824411134904 0.85997171145686 0.15917201998572447 0.867043847241867 0.14775160599571735 0.8882602545968883 0.14346895074946467 0.8882602545968883 0.14132762312633834 0.8741159830268741 0.15060670949321914 0.8514851485148515 0.15346181299072092 0.8500707213578501
1 0.5895788722341185 0.48797736916548795 0.5917201998572448 0.49504950495049505 0.5867237687366167 0.49929278642149927 0.5767309064953604 0.49646393210749645 0.5767309064953604 0.48514851485148514 0.5817273376159886 0.4823196605374823 0.588865096359743 0.48797736916548795
1 0.4732334047109208 0.32956152758132956 0.4917915774446824 0.32956152758132956 0.4953604568165596 0.3323903818953324 0.4939329050678087 0.3451202263083451 0.4860813704496788 0.3451202263083451 0.4739471805852962 0.3422913719943423 0.4725196288365453 0.33804809052333806 0.4732334047109208 0.33097595473833097
1 0.8872234118486795 0.5289957567185289 0.8893647394718058 0.536067892503536 0.8872234118486795 0.5431400282885431 0.8829407566024269 0.5431400282885431 0.8807994289793005 0.536067892503536 0.8829407566024269 0.5289957567185289 0.8865096359743041 0.5289957567185289
2 0.7897930049964311 0.5827439886845828 0.007851534618129907 0.019801980198019802
2 0.29336188436830835 0.3592644978783593 0.29621698786581013 0.3578500707213578 0.29621698786581013 0.36916548797736914 0.29336188436830835 0.36916548797736914 0.29336188436830835 0.3606789250353607
2 0.9221984296930764 0.4766619519094767 0.9250535331905781 0.4752475247524752 0.92790863668808 0.4809052333804809 0.9250535331905781 0.48656294200848654 0.9221984296930764 0.4823196605374823 0.9221984296930764 0.4780763790664781
2 0.5431834403997144 0.26025459688826025 0.5481798715203426 0.26308345120226306 0.548893647394718 0.27015558698727016 0.5417558886509636 0.27015558698727016 0.5410421127765882 0.26308345120226306 0.5424696645253391 0.26166902404526166
0 0.9257673090649536 0.44554455445544555 0.92790863668808 0.4596888260254597 0.9236259814418273 0.4724186704384724 0.9207708779443254 0.4724186704384724 0.9143468950749465 0.4639321074964639 0.9143468950749465 0.4512022630834512 0.9179157744468237 0.44413012729844414 0.9250535331905781 0.44554455445544555
0 0.9635974304068522 0.6435643564356436 0.9671663097787295 0.6506364922206507 0.9685938615274804 0.6633663366336634 0.9657387580299786 0.6803394625176803 0.960028551034975 0.6888260254596889 0.9564596716630978 0.6803394625176803 0.9493219129193433 0.6775106082036775 0.9486081370449678 0.6704384724186704 0.9528907922912205 0.6506364922206507 0.9571734475374732 0.6449787835926449 0.9628836545324768 0.6435643564356436
0 0.9557458957887224 0.5516265912305516 0.9593147751605996 0.5601131541725601 0.9593147751605996 0.5714285714285714 0.9571734475374732 0.5841584158415841 0.9543183440399714 0.5884016973125884 0.9457530335474661 0.5855728429985856 0.9436117059243397 0.5770862800565771 0.9436117059243397 0.5671852899575672 0.9450392576730906 0.5572842998585573 0.9478943611705924 0.5516265912305516 0.9550321199143469 0.5516265912305516
0 0.018558172733761598 0.413012729844413 0.02069950035688794 0.4144271570014144 0.021413276231263382 0.4243281471004243 0.014989293361884369 0.4314002828854314 0.013561741613133477 0.42857142857142855 0.014989293361884369 0.4158415841584158 0.017844396859386154 0.4144271570014144
0 0.3997144896502498 0.2927864214992928 0.40185581727337616 0.297029702970297 0.40185581727337616 0.3055162659123055 0.39900071377587437 0.31683168316831684 0.3932905067808708 0.31683168316831684 0.38900785153461814 0.30834512022630833 0.390435403283369 0.2942008486562942 0.3932905067808708 0.2913719943422914 0.39900071377587437 0.2927864214992928
0 0.5274803711634547 0.36775106082036774 0.529621698786581 0.37482319660537483 0.529621698786581 0.38755304101838756 0.5267665952890792 0.39038189533239037 0.5153461812990721 0.39038189533239037 0.5132048536759457 0.38755304101838756 0.5132048536759457 0.37482319660537483 0.516773733047823 0.3649222065063649 0.523197715917202 0.3635077793493635 0.5267665952890792 0.36775106082036774
0 0.6031406138472519 0.3734087694483734 0.6102783725910065 0.38330975954738333 0.6102783725910065 0.3988684582743989 0.6088508208422555 0.4045261669024045 0.6038543897216274 0.4087694483734088 0.5917201998572448 0.4016973125884017 0.5867237687366167 0.39038189533239037 0.5881513204853676 0.38472418670438474 0.6024268379728765 0.3734087694483734
0 0.9700214132762313 0.5473833097595474 0.9735902926481085 0.553041018387553 0.9757316202712348 0.562942008486563 0.9757316202712348 0.5714285714285714 0.9700214132762313 0.5898161244695899 0.9628836545324768 0.5855728429985856 0.9593147751605996 0.5742574257425742 0.9607423269093505 0.5572842998585573 0.9643112062812277 0.5502121640735502 0.9693076374018558 0.5473833097595474
0 0.523197715917202 0.0876944837340877 0.5246252676659529 0.09618104667609619 0.5203426124197003 0.09476661951909476 0.5224839400428265 0.0876944837340877
0 0.284796573875803 0.3352192362093352 0.284796573875803 0.355021216407355 0.2826552462526767 0.3592644978783593 0.2726623840114204 0.3564356435643564 0.2705210563882941 0.3451202263083451 0.2740899357601713 0.3352192362093352 0.28408279800142755 0.3352192362093352
0 0.7815845824411135 0.536067892503536 0.788722341184868 0.5417256011315418 0.7915774446823698 0.5502121640735502 0.7865810135617416 0.5728429985855729 0.7801570306923626 0.5869872701555869 0.7687366167023555 0.5742574257425742 0.7673090649536045 0.5516265912305516 0.7730192719486081 0.5374823196605375 0.780870806566738 0.536067892503536
0 0.49678800856531047 0.1471004243281471 0.49678800856531047 0.14002828854314003 0.49964311206281226 0.13578500707213578 0.5046395431834404 0.14144271570014144 0.5046395431834404 0.1485148514851485 0.49750178443968596 0.1471004243281471