1 0.65703125 0.4125 0.0171875 0.015625
1 0.5390625 0.4796875 0.546875 0.4796875 0.5546875 0.4828125 0.55625 0.4859375 0.553125 0.49375 0.5390625 0.4921875 0.5375 0.490625 0.5390625 0.48125
2 0.646875 0.296875 0.653125 0.3 0.653125 0.303125 0.646875 0.30625 0.6453125 0.3046875 0.646875 0.2984375
2 0.6125 0.2921875 0.6171875 0.2921875 0.61875 0.2953125 0.61875 0.2984375 0.615625 0.3 0.6125 0.2984375 0.6125 0.29375
2 0.4984375 0.83125 0.5015625 0.834375 0.5 0.846875 0.496875 0.853125 0.4890625 0.85625 0.48125 0.8546875 0.48125 0.8359375 0.4875 0.8296875 0.496875 0.83125
2 0.53125 0.4296875 0.5359375 0.428125 0.540625 0.434375 0.5375 0.4390625 0.534375 0.4390625 0.53125 0.4359375 0.53125 0.43125
2 0.3203125 0.7796875 0.315625 0.76875 0.315625 0.7578125 0.321875 0.7515625 0.3265625 0.7515625 0.3296875 0.7546875 0.3296875 0.778125 0.325 0.7828125 0.321875 0.7796875
2 0.575 0.4375 0.578125 0.440625 0.578125 0.4453125 0.575 0.4484375 0.5703125 0.4484375 0.5703125 0.44375 0.5734375 0.4390625
2 0.7609375 0.0890625 0.7625 0.0921875 0.7609375 0.0984375 0.75625 0.09375 0.75625 0.090625 0.759375 0.0890625
0 0.7671875 0.2765625 0.771875 0.2859375 0.771875 0.296875 0.759375 0.2921875 0.759375 0.2828125 0.765625 0.2765625
0 0.634375 0.2578125 0.634375 0.25 0.6390625 0.24375 0.64375 0.24375 0.646875 0.246875 0.646875 0.2609375 0.6421875 0.2578125 0.6359375 0.2578125
0 0.6671875 0.30625 0.6703125 0.3046875 0.675 0.30625 0.6765625 0.3125 0.675 0.31875 0.6640625 0.3203125 0.6625 0.3140625 0.6671875 0.3078125
0 0.6859375 0.1734375 0.690625 0.178125 0.690625 0.1859375 0.68125 0.1890625 0.6796875 0.1828125 0.684375 0.175