1 0.296875 0.371875 0.3 0.3796875 0.296875 0.3859375 0.2921875 0.3890625 0.2890625 0.3859375 0.2890625 0.3796875 0.2921875 0.3734375 0.2953125 0.371875
1 0.521875 0.934375 0.55625 0.9484375 0.5578125 0.959375 0.553125 0.9625 0.53125 0.959375 0.5203125 0.953125 0.5140625 0.946875 0.5125 0.9421875 0.5125 0.934375 0.5140625 0.9328125 0.5203125 0.934375
2 0.6234375 0.3875 0.009375 0.0125
2 0.6765625 0.7359375 0.68125 0.740625 0.68125 0.7609375 0.6796875 0.7640625 0.66875 0.76875 0.659375 0.76875 0.659375 0.7578125 0.665625 0.7375 0.66875 0.734375 0.675 0.7359375
2 0.43125 0.6296875 0.440625 0.63125 0.4390625 0.6375 0.4359375 0.6390625 0.4296875 0.6359375 0.43125 0.63125
2 0.3859375 0.60625 0.390625 0.6140625 0.390625 0.621875 0.3859375 0.61875 0.384375 0.6078125
2 0.509375 0.6734375 0.515625 0.68125 0.515625 0.7015625 0.5109375 0.7125 0.5015625 0.7015625 0.496875 0.6890625 0.5 0.6765625 0.503125 0.6734375 0.5078125 0.6734375
2 0.55 0.346875 0.5546875 0.3484375 0.5546875 0.353125 0.55 0.3546875 0.5484375 0.3484375
0 0.8234375 0.1546875 0.8234375 0.1484375 0.828125 0.1421875 0.8328125 0.146875 0.8328125 0.1546875 0.825 0.1546875
0 0.034375 0.6140625 0.0359375 0.625 0.034375 0.6296875 0.028125 0.634375 0.0203125 0.6328125 0.0171875 0.625 0.0171875 0.6171875 0.025 0.6109375 0.0296875 0.6109375 0.0328125 0.6140625
0 0.6546875 0.340625 0.6578125 0.34375 0.6578125 0.359375 0.6484375 0.36875 0.6421875 0.365625 0.6421875 0.35 0.6484375 0.340625 0.653125 0.340625