1 0.303125 0.371875 0.3046875 0.3875 0.3015625 0.3890625 0.2984375 0.384375 0.2984375 0.3765625 0.3015625 0.3734375
1 0.2390625 0.6296875 0.24375 0.6296875 0.2546875 0.6359375 0.2546875 0.646875 0.246875 0.646875 0.2390625 0.640625 0.2375 0.6375 0.2390625 0.63125
1 0.63125 0.5140625 0.64375 0.515625 0.6609375 0.521875 0.6609375 0.534375 0.6546875 0.5359375 0.634375 0.5296875 0.6296875 0.521875 0.63125 0.515625
1 0.575 0.196875 0.575 0.2046875 0.565625 0.203125 0.5671875 0.1953125 0.5734375 0.196875
2 0.584375 0.390625 0.58125 0.378125 0.58125 0.365625 0.584375 0.3578125 0.5890625 0.3578125 0.5921875 0.3625 0.5921875 0.3828125 0.590625 0.3890625 0.5859375 0.390625
2 0.35625 0.803125 0.3609375 0.8046875 0.3671875 0.8125 0.3671875 0.8375 0.3640625 0.8390625 0.3515625 0.821875 0.3515625 0.8109375 0.3546875 0.8046875
2 0.540625 0.884375 0.5484375 0.8890625 0.55 0.896875 0.5484375 0.9046875 0.5421875 0.9109375 0.525 0.915625 0.5234375 0.903125 0.5265625 0.8890625 0.53125 0.884375 0.5390625 0.884375
2 0.8265625 0.3203125 0.8265625 0.328125 0.8234375 0.3296875 0.8203125 0.328125 0.8203125 0.325 0.825 0.3203125
0 0.8109375 0.271875 0.8140625 0.275 0.815625 0.2859375 0.8140625 0.2921875 0.809375 0.2953125 0.803125 0.2921875 0.8015625 0.2859375 0.803125 0.2734375 0.809375 0.271875
0 0.2421875 0.371875 0.2453125 0.3890625 0.240625 0.403125 0.234375 0.4015625 0.2234375 0.3890625 0.2234375 0.38125 0.228125 0.371875 0.2328125 0.36875 0.2375 0.36875 0.240625 0.371875
0 0.5375 0.1984375 0.5421875 0.1984375 0.5453125 0.203125 0.5453125 0.2109375 0.5359375 0.215625 0.534375 0.203125 0.5375 0.2
0 0.609375 0.990625 0.6109375 0.9890625 0.6109375 0.9703125 0.615625 0.953125 0.6234375 0.9421875 0.63125 0.940625 0.640625 0.9671875 0.640625 0.9890625 0.6421875 0.990625 0.640625 0.9953125 0.6375 0.9984375 0.6125 0.9984375 0.6109375 0.9921875
0 0.5796875 0.1234375 0.009375 0.0125