1 0.7671875 0.184375 0.775 0.184375 0.778125 0.1875 0.778125 0.190625 0.771875 0.19375 0.7671875 0.1921875 0.7671875 0.1859375
1 0.1078125 0.4640625 0.109375 0.4765625 0.0984375 0.4875 0.09375 0.4765625 0.10625 0.4640625
1 0.19375 0.6953125 0.1984375 0.6953125 0.2109375 0.7046875 0.209375 0.7171875 0.2046875 0.7203125 0.1921875 0.7109375 0.19375 0.696875
1 0.0578125 0.5703125 0.071875 0.559375 0.075 0.5625 0.075 0.5734375 0.0640625 0.584375 0.0609375 0.5859375 0.0578125 0.584375 0.05625 0.58125 0.0578125 0.571875
1 0.0390625 0.60625 0.0421875 0.6171875 0.0390625 0.6234375 0.025 0.634375 0.021875 0.63125 0.021875 0.625 0.03125 0.6109375 0.0375 0.60625
1 0.43125 0.5390625 0.44375 0.5453125 0.44375 0.5515625 0.440625 0.55625 0.4359375 0.55625 0.4265625 0.5515625 0.425 0.5453125 0.4265625 0.540625 0.4296875 0.5390625
2 0.9484375 0.7046875 0.95 0.709375 0.946875 0.73125 0.94375 0.7359375 0.9359375 0.740625 0.934375 0.740625 0.934375 0.7203125 0.9390625 0.709375 0.946875 0.7046875
2 0.78046875 0.68515625 0.0140625 0.0484375
2 0.48125 0.4484375 0.4875 0.45 0.4859375 0.459375 0.4796875 0.45625 0.48125 0.45
2 0.75 0.115625 0.7484375 0.125 0.7421875 0.121875 0.7421875 0.1171875 0.7484375 0.115625
0 0.240625 0.5390625 0.24375 0.5453125 0.2421875 0.5703125 0.2375 0.578125 0.23125 0.5796875 0.2265625 0.578125 0.2234375 0.5734375 0.221875 0.5515625 0.228125 0.540625 0.2390625 0.5390625
0 0.3578125 0.31875 0.3625 0.328125 0.359375 0.3390625 0.35625 0.3421875 0.353125 0.3421875 0.3484375 0.3359375 0.3484375 0.321875 0.3515625 0.31875 0.35625 0.31875
0 0.20859375 0.57265625 0.0234375 0.0390625