1 0.853125 0.3015625 0.8671875 0.3046875 0.8703125 0.309375 0.86875 0.315625 0.85 0.3125 0.8484375 0.303125 0.8515625 0.3015625
1 0.36875 0.6734375 0.384375 0.68125 0.384375 0.690625 0.38125 0.6984375 0.3765625 0.6984375 0.3625 0.6921875 0.3609375 0.6828125 0.3625 0.6765625 0.3671875 0.6734375
1 0.5078125 0.7953125 0.515625 0.7953125 0.546875 0.809375 0.546875 0.825 0.53125 0.825 0.5109375 0.8140625 0.5078125 0.80625 0.5078125 0.796875
2 0.4875 0.575 0.4921875 0.5828125 0.4875 0.6078125 0.4796875 0.5984375 0.4796875 0.5796875 0.4828125 0.5734375 0.4859375 0.575
2 0.3546875 0.615625 0.3625 0.621875 0.3640625 0.6265625 0.3640625 0.6296875 0.359375 0.63125 0.3546875 0.6234375 0.3546875 0.6171875
2 0.434375 0.209375 0.4359375 0.2171875 0.43125 0.2203125 0.4296875 0.21875 0.4296875 0.2140625 0.4328125 0.2109375
2 0.896875 0.2390625 0.9 0.24375 0.896875 0.2546875 0.89375 0.253125 0.8953125 0.240625
2 0.6375 0.628125 0.640625 0.6296875 0.6421875 0.6484375 0.640625 0.6546875 0.6328125 0.6609375 0.628125 0.659375 0.6265625 0.65625 0.6265625 0.6375 0.628125 0.6328125 0.6359375 0.628125
2 0.521875 0.3078125 0.5234375 0.3171875 0.5171875 0.315625 0.5171875 0.309375 0.5203125 0.3078125
0 0.403125 0.546875 0.4078125 0.55 0.4109375 0.5578125 0.409375 0.5796875 0.403125 0.5890625 0.3921875 0.584375 0.3890625 0.578125 0.390625 0.5546875 0.39375 0.5484375 0.4015625 0.546875
0 0.928125 0.1359375 0.9328125 0.134375 0.9375 0.1390625 0.934375 0.1453125 0.928125 0.146875 0.9265625 0.1453125 0.928125 0.1375
0 0.6984375 0.2640625 0.015625 0.025
0 0.7953125 0.084375 0.796875 0.0859375 0.7953125 0.096875 0.790625 0.0953125 0.790625 0.0859375 0.79375 0.084375
0 0.49375 0.275 0.4984375 0.2734375 0.5015625 0.2765625 0.5046875 0.2875 0.5015625 0.3 0.49375 0.3 0.490625 0.2953125 0.490625 0.28125 0.49375 0.2765625
0 0.8234375 0.2109375 0.8203125 0.2078125 0.81875 0.1984375 0.8203125 0.196875 0.8265625 0.1984375 0.825 0.209375