1 0.9324546952224053 0.02578268876611418 0.9489291598023064 0.02578268876611418 0.9505766062602965 0.029465930018416207 0.9489291598023064 0.03314917127071823 0.9357495881383855 0.03314917127071823 0.9324546952224053 0.03130755064456722 0.9324546952224053 0.027624309392265192
1 0.7693574958813838 0.143646408839779 0.7808896210873146 0.143646408839779 0.7841845140032949 0.14917127071823205 0.7808896210873146 0.15469613259668508 0.7726523887973641 0.15469613259668508 0.7693574958813838 0.15101289134438306 0.7693574958813838 0.14548802946593
1 0.3443163097199341 0.6298342541436464 0.37891268533772654 0.6353591160220995 0.3871499176276771 0.6408839779005525 0.38879736408566723 0.6482504604051565 0.3871499176276771 0.6537753222836096 0.3756177924217463 0.6537753222836096 0.3525535420098847 0.6482504604051565 0.3443163097199341 0.6427255985267035 0.342668863261944 0.6335174953959485 0.3443163097199341 0.6316758747697975
1 0.6820428336079077 0.3812154696132597 0.039538714991762765 0.01841620626151013
1 0.5271828665568369 0.6574585635359116 0.5321252059308073 0.6611418047882136 0.528830313014827 0.6721915285451197 0.5238879736408567 0.6777163904235728 0.514003294892916 0.6777163904235728 0.4975288303130148 0.6721915285451197 0.4975288303130148 0.6629834254143646 0.49917627677100496 0.6574585635359116 0.5057660626029654 0.6519337016574586 0.5189456342668863 0.6574585635359116 0.5255354200988468 0.6574585635359116
2 0.8303130148270181 0.09208103130755065 0.841845140032949 0.09208103130755065 0.8434925864909391 0.09392265193370165 0.8434925864909391 0.10128913443830571 0.8319604612850082 0.10128913443830571 0.8303130148270181 0.09392265193370165
2 0.7990115321252059 0.283609576427256 0.8023064250411862 0.285451197053407 0.8039538714991763 0.292817679558011 0.800658978583196 0.2983425414364641 0.7924217462932455 0.3020257826887661 0.7841845140032949 0.3020257826887661 0.7841845140032949 0.292817679558011 0.7891268533772653 0.285451197053407 0.7973640856672158 0.283609576427256
2 0.36902800658978585 0.46593001841620624 0.37067545304777594 0.4677716390423573 0.37067545304777594 0.47697974217311234 0.3640856672158155 0.4861878453038674 0.35914332784184516 0.4861878453038674 0.3542009884678748 0.48066298342541436 0.3525535420098847 0.4696132596685083 0.35584843492586493 0.46593001841620624 0.3673805601317957 0.46593001841620624
2 0.6639209225700164 0.27255985267034993 0.6705107084019769 0.27624309392265195 0.6705107084019769 0.281767955801105 0.6639209225700164 0.29097605893186 0.6556836902800659 0.285451197053407 0.6556836902800659 0.27624309392265195 0.6622734761120264 0.27255985267034993
2 0.3970345963756178 0.3001841620626151 0.400329489291598 0.2983425414364641 0.4052718286655684 0.3001841620626151 0.4052718286655684 0.31123388581952116 0.400329489291598 0.31860036832412525 0.3953871499176277 0.3149171270718232 0.3953871499176277 0.30386740331491713 0.3970345963756178 0.3020257826887661
2 0.5420098846787479 0.30939226519337015 0.5453047775947282 0.31123388581952116 0.5469522240527183 0.31860036832412525 0.5420098846787479 0.3241252302025783 0.528830313014827 0.3278084714548803 0.5205930807248764 0.3259668508287293 0.5222405271828665 0.3149171270718232 0.5255354200988468 0.31123388581952116 0.5403624382207578 0.30939226519337015
2 0.5271828665568369 0.4972375690607735 0.032948929159802305 0.02578268876611418
2 0.7067545304777595 0.18047882136279927 0.7067545304777595 0.19152854511970535 0.700164744645799 0.19521178637200737 0.6902800658978583 0.19337016574585636 0.6869851729818781 0.18968692449355432 0.6869851729818781 0.1860036832412523 0.6935749588138386 0.18047882136279927 0.7051070840197694 0.18047882136279927
0 0.9028006589785832 0.11970534069981584 0.9110378912685337 0.1270718232044199 0.9126853377265239 0.13259668508287292 0.9126853377265239 0.13812154696132597 0.9093904448105437 0.143646408839779 0.9011532125205931 0.143646408839779 0.8929159802306426 0.13259668508287292 0.8929159802306426 0.1252302025782689 0.9011532125205931 0.11970534069981584
0 0.23064250411861614 0.3867403314917127 0.23887973640856672 0.39042357274401474 0.24217462932454695 0.39594843462246776 0.24052718286655683 0.4106813996316759 0.23064250411861614 0.4143646408839779 0.2158154859967051 0.4088397790055249 0.21087314662273476 0.40331491712707185 0.2158154859967051 0.39410681399631675 0.22899505766062603 0.3867403314917127
0 0.5584843492586491 0.5101289134438306 0.5667215815485996 0.5174953959484346 0.5700164744645799 0.5285451197053407 0.5683690280065898 0.5469613259668509 0.5601317957166392 0.5561694290976059 0.556836902800659 0.5469613259668509 0.5518945634266886 0.5432780847145487 0.5354200988467874 0.5451197053406999 0.5321252059308073 0.5414364640883977 0.5321252059308073 0.5340699815837937 0.5370675453047776 0.5211786372007366 0.5403624382207578 0.5174953959484346 0.556836902800659 0.5101289134438306