1 0.840625 0.7625 0.8453125 0.7671875 0.8453125 0.7765625 0.8421875 0.7875 0.8359375 0.7953125 0.81875 0.7921875 0.815625 0.775 0.8171875 0.7671875 0.8234375 0.7609375 0.8390625 0.7625
1 0 0.703125 0.071875 0.70625 0.075 0.709375 0.075 0.740625 0.071875 0.7578125 0.01875 0.7609375 0.0109375 0.7578125 0.00625 0.759375 0 0.75625 0 0.7046875
1 0.28125 0.4609375 0.3 0.4734375 0.303125 0.478125 0.303125 0.5078125 0.3 0.5140625 0.29375 0.5125 0.278125 0.5015625 0.259375 0.5015625 0.2578125 0.503125 0.20625 0.503125 0.2046875 0.5015625 0.2046875 0.4890625 0.209375 0.4703125 0.2234375 0.46875 0.2453125 0.4625 0.2578125 0.4625 0.2640625 0.459375 0.2796875 0.4609375
2 0.375 0.234375 0.384375 0.240625 0.3890625 0.25625 0.384375 0.2828125 0.3765625 0.290625 0.359375 0.290625 0.353125 0.2875 0.34375 0.2703125 0.346875 0.253125 0.353125 0.240625 0.3625 0.234375 0.3734375 0.234375
2 0.578125 0.3546875 0.5828125 0.3640625 0.584375 0.3796875 0.58125 0.384375 0.5734375 0.3859375 0.5703125 0.3890625 0.5703125 0.396875 0.5640625 0.390625 0.55625 0.36875 0.559375 0.3578125 0.565625 0.3515625 0.5734375 0.3515625 0.5765625 0.3546875
2 0.1734375 0.2578125 0.1796875 0.2625 0.1859375 0.271875 0.1890625 0.2890625 0.184375 0.3 0.175 0.3125 0.159375 0.325 0.1515625 0.3234375 0.1453125 0.3140625 0.1421875 0.303125 0.1421875 0.2859375 0.146875 0.275 0.15625 0.2640625 0.16875 0.25625 0.171875 0.2578125
2 0.7109375 0.346875 0.715625 0.35 0.7203125 0.3625 0.7203125 0.378125 0.715625 0.3890625 0.7109375 0.3921875 0.70625 0.3890625 0.703125 0.378125 0.6953125 0.371875 0.696875 0.353125 0.7015625 0.3484375 0.709375 0.346875
0 0.9734375 0.646875 0.9796875 0.6515625 0.984375 0.6640625 0.984375 0.6828125 0.98125 0.6875 0.9515625 0.684375 0.9515625 0.6640625 0.9546875 0.6546875 0.9640625 0.646875 0.971875 0.646875
0 0.2859375 0.0375 0.3015625 0.05 0.3078125 0.059375 0.3140625 0.0765625 0.3109375 0.16875 0.3078125 0.1765625 0.303125 0.178125 0.296875 0.184375 0.2953125 0.184375 0.2953125 0.178125 0.2984375 0.1734375 0.3015625 0.1484375 0.3015625 0.1140625 0.2984375 0.09375 0.2953125 0.0875 0.2859375 0.0796875 0.278125 0.0796875 0.271875 0.0828125 0.2640625 0.090625 0.2515625 0.1140625 0.25 0.1375 0.2546875 0.165625 0.2546875 0.184375 0.240625 0.1828125 0.2328125 0.1625 0.23125 0.0984375 0.240625 0.0625 0.246875 0.0515625 0.2578125 0.040625 0.271875 0.0359375 0.284375 0.0375
0 0.546875 0.3953125 0.04375 0.05625
0 0.8453125 0.621875 0.85 0.61875 0.8578125 0.61875 0.865625 0.6328125 0.8640625 0.653125 0.85625 0.6609375 0.84375 0.6609375 0.8390625 0.65625 0.8375 0.6390625 0.8453125 0.6234375
0 0.653125 0.2390625 0.6609375 0.24375 0.66875 0.253125 0.671875 0.2640625 0.671875 0.2859375 0.6703125 0.2875 0.6671875 0.2828125 0.6671875 0.278125 0.6578125 0.26875 0.6484375 0.2546875 0.6453125 0.2546875 0.640625 0.259375 0.6359375 0.278125 0.6328125 0.2828125 0.6296875 0.2828125 0.628125 0.2796875 0.6296875 0.2546875 0.64375 0.2390625 0.6515625 0.2390625