1 0.190625 0.778125 0.19375 0.7765625 0.2015625 0.778125 0.20625 0.784375 0.2046875 0.796875 0.2 0.8015625 0.1953125 0.8 0.1859375 0.7890625 0.190625 0.7796875
1 0.10625 0.4640625 0.109375 0.46875 0.109375 0.475 0.1 0.4859375 0.0953125 0.484375 0.09375 0.4765625 0.1046875 0.4640625
1 0.0734375 0.559375 0.075 0.5734375 0.0609375 0.5859375 0.05625 0.58125 0.05625 0.5734375 0.071875 0.559375
1 0.0375 0.60625 0.0421875 0.615625 0.040625 0.621875 0.0265625 0.634375 0.021875 0.63125 0.021875 0.6234375 0.0328125 0.6078125 0.0359375 0.60625
2 0.934375 0.740625 0.9359375 0.7140625 0.940625 0.7078125 0.946875 0.7046875 0.95 0.70625 0.946875 0.7265625 0.94375 0.734375 0.9359375 0.740625
2 0.78125 0.6640625 0.7859375 0.675 0.7859375 0.70625 0.784375 0.7078125 0.78125 0.70625 0.771875 0.6875 0.775 0.6671875 0.7796875 0.6640625
0 0.025 0.46875 0.0203125 0.465625 0.0171875 0.459375 0.015625 0.4421875 0.0203125 0.4375 0.025 0.4375 0.0328125 0.4453125 0.034375 0.45 0.0328125 0.4609375 0.0265625 0.4671875
0 0.228125 0.6 0.2390625 0.6109375 0.2390625 0.615625 0.234375 0.625 0.2328125 0.6421875 0.2296875 0.64375 0.221875 0.64375 0.2125 0.63125 0.2125 0.6109375 0.221875 0.6 0.2265625 0.6
0 0.809375 0.0953125 0.8125 0.1 0.809375 0.1078125 0.8046875 0.10625 0.8046875 0.096875 0.8078125 0.0953125
0 0.621875 0.525 0.625 0.5296875 0.6234375 0.546875 0.6109375 0.5453125 0.6109375 0.5296875 0.6140625 0.525 0.6171875 0.5234375 0.6203125 0.525
0 0.6296875 0.0671875 0.628125 0.0625 0.63125 0.0546875 0.6359375 0.0578125 0.6359375 0.065625 0.63125 0.0671875
0 0.7421875 0.1203125 0.7453125 0.13125 0.740625 0.1390625 0.7359375 0.1375 0.7359375 0.1265625 0.7375 0.121875 0.740625 0.1203125