1 0.303125 0.371875 0.3046875 0.375 0.303125 0.3890625 0.2984375 0.384375 0.2984375 0.3765625 0.3015625 0.3734375
1 0.4765625 0.9078125 0.484375 0.909375 0.5203125 0.9265625 0.5203125 0.94375 0.509375 0.9421875 0.4796875 0.928125 0.4765625 0.925 0.4765625 0.909375
1 0.4359375 0.4390625 0.4375 0.440625 0.4359375 0.4515625 0.4234375 0.4484375 0.425 0.4375 0.434375 0.4390625
2 0.4078125 0.6703125 0.4140625 0.6796875 0.415625 0.6921875 0.415625 0.7140625 0.4125 0.7203125 0.4078125 0.7203125 0.4046875 0.7171875 0.4 0.7 0.4015625 0.6703125 0.403125 0.66875 0.40625 0.6703125
2 0.8125 0.3828125 0.8140625 0.3765625 0.81875 0.3765625 0.8203125 0.3796875 0.8140625 0.3828125
2 0.115625 0.878125 0.1265625 0.8921875 0.1296875 0.9 0.128125 0.9125 0.121875 0.915625 0.115625 0.903125 0.115625 0.896875 0.1125 0.890625 0.1140625 0.8796875
2 0.27734375 0.81640625 0.0078125 0.0203125
2 0.7765625 0.3625 0.7828125 0.3640625 0.7828125 0.36875 0.778125 0.36875 0.7765625 0.3640625
2 0.4359375 0.21875 0.009375 0.009375
2 0.6078125 0.7828125 0.6140625 0.7890625 0.615625 0.80625 0.609375 0.828125 0.6015625 0.834375 0.596875 0.83125 0.59375 0.8234375 0.59375 0.8046875 0.596875 0.7859375 0.6015625 0.7828125 0.60625 0.7828125
0 0.7890625 0.059375 0.7859375 0.053125 0.790625 0.05 0.7921875 0.0515625 0.7921875 0.0578125 0.790625 0.0578125
0 0.865625 0.0640625 0.009375 0.0125
0 0.8140625 0.028125 0.8171875 0.0296875 0.8171875 0.034375 0.8125 0.034375 0.8125 0.0296875
0 0.7015625 0.103125 0.7046875 0.109375 0.703125 0.1140625 0.6953125 0.1140625 0.6953125 0.10625 0.7 0.103125
0 0.834375 0.1015625 0.8328125 0.0921875 0.8359375 0.0875 0.840625 0.0921875 0.8390625 0.1015625 0.8375 0.103125 0.8359375 0.1015625
0 0.4703125 0.4671875 0.4734375 0.4703125 0.4734375 0.478125 0.4625 0.4890625 0.45625 0.484375 0.45625 0.4796875 0.4625 0.4703125 0.46875 0.4671875
0 0.8265625 0.209375 0.83125 0.215625 0.83125 0.225 0.8265625 0.228125 0.821875 0.228125 0.81875 0.225 0.81875 0.215625 0.825 0.209375
0 0.340625 0.659375 0.3484375 0.6703125 0.35 0.6890625 0.346875 0.7046875 0.3375 0.7140625 0.328125 0.70625 0.325 0.69375 0.315625 0.678125 0.3171875 0.671875 0.328125 0.6609375 0.3390625 0.659375
0 0.3234375 0.7171875 0.3328125 0.7234375 0.3359375 0.7328125 0.3359375 0.753125 0.33125 0.7609375 0.328125 0.759375 0.328125 0.7546875 0.325 0.75 0.3125 0.7484375 0.309375 0.7453125 0.309375 0.7328125 0.3125 0.7234375 0.321875 0.7171875
0 0.453125 0.2484375 0.4515625 0.2359375 0.4546875 0.2328125 0.459375 0.2328125 0.4625 0.2375 0.4625 0.246875 0.459375 0.25 0.4546875 0.2484375
0 0.7046875 0.0765625 0.7078125 0.08125 0.70625 0.0890625 0.7 0.0890625 0.6984375 0.084375 0.7 0.078125 0.703125 0.0765625
0 0.809375 0.3125 0.8125 0.31875 0.8109375 0.33125 0.8046875 0.3265625 0.7984375 0.3265625 0.796875 0.321875 0.796875 0.315625 0.8 0.3125 0.8046875 0.3109375 0.8078125 0.3125
0 0.7609375 0.0453125 0.7640625 0.04375 0.7671875 0.0453125 0.7671875 0.053125 0.7578125 0.053125 0.7609375 0.046875
0 0.73671875 0.06484375 0.0109375 0.0140625
0 0.265625 0.4171875 0.021875 0.034375
0 0.8296875 0.053125 0.83125 0.0421875 0.8359375 0.0421875 0.8375 0.046875 0.8375 0.0515625 0.83125 0.053125
0 0.9265625 0.1484375 0.93125 0.153125 0.93125 0.159375 0.928125 0.1640625 0.9203125 0.1625 0.91875 0.1578125 0.9203125 0.15 0.925 0.1484375
0 0.803125 0.30234375 0.015625 0.0203125
0 0.8359375 0.1484375 0.8375 0.1578125 0.834375 0.1609375 0.828125 0.1609375 0.8265625 0.1578125 0.828125 0.15 0.834375 0.1484375