1 0.6703125 0.775 0.6828125 0.78125 0.684375 0.7921875 0.6796875 0.8 0.659375 0.79375 0.65625 0.7890625 0.6578125 0.775 0.659375 0.7734375 0.66875 0.775
1 0.5859375 0.3140625 0.5921875 0.31875 0.59375 0.3234375 0.5890625 0.3265625 0.584375 0.3265625 0.5796875 0.3234375 0.5796875 0.31875 0.584375 0.3140625
1 0.2546875 0.4171875 0.259375 0.4171875 0.2609375 0.4203125 0.2578125 0.434375 0.2515625 0.434375 0.25 0.425 0.2546875 0.41875
1 0.5375 0.684375 0.5453125 0.6890625 0.5453125 0.696875 0.5421875 0.7046875 0.5375 0.7046875 0.5203125 0.6953125 0.521875 0.68125 0.525 0.6765625 0.5296875 0.6765625 0.5359375 0.684375
1 0.671875 0.18125 0.6703125 0.19375 0.65625 0.1921875 0.653125 0.1875 0.65625 0.18125 0.6703125 0.18125
2 0.715625 0.1296875 0.71875 0.13125 0.71875 0.1390625 0.7125 0.140625 0.7125 0.13125 0.7140625 0.13125
2 0.7734375 0.090625 0.7765625 0.0890625 0.7796875 0.090625 0.778125 0.0984375 0.775 0.0984375 0.7734375 0.0921875
2 0.4328125 0.209375 0.4359375 0.2125 0.434375 0.2203125 0.4328125 0.221875 0.4296875 0.2203125 0.43125 0.2109375
2 0.3859375 0.2515625 0.3875 0.253125 0.3859375 0.2609375 0.38125 0.259375 0.38125 0.253125 0.384375 0.2515625
2 0.834375 0.103125 0.8359375 0.1046875 0.834375 0.1109375 0.8296875 0.109375 0.8296875 0.1046875 0.8328125 0.103125
0 0.7578125 0.284375 0.759375 0.2703125 0.765625 0.271875 0.765625 0.2859375 0.759375 0.284375
0 0.69375 0.646875 0.7 0.6546875 0.7 0.678125 0.696875 0.6890625 0.69375 0.6921875 0.6859375 0.6921875 0.678125 0.68125 0.678125 0.6625 0.68125 0.653125 0.684375 0.6484375 0.6921875 0.646875
0 0.4984375 0.2546875 0.49375 0.24375 0.4953125 0.2328125 0.503125 0.2328125 0.509375 0.240625 0.5078125 0.2578125 0.5 0.2546875
0 0.5625 0.5375 0.56875 0.54375 0.5671875 0.571875 0.5625 0.571875 0.559375 0.56875 0.55 0.571875 0.5484375 0.5671875 0.5484375 0.5484375 0.55625 0.5375 0.5609375 0.5375
0 0.6 0.221875 0.603125 0.225 0.603125 0.240625 0.6 0.246875 0.5953125 0.246875 0.590625 0.240625 0.590625 0.228125 0.5984375 0.221875