1 0.8484375 0.303125 0.8625 0.303125 0.8671875 0.3046875 0.8703125 0.309375 0.8671875 0.315625 0.85625 0.3140625 0.8484375 0.3109375 0.8484375 0.3046875
1 0.4828125 0.34375 0.4921875 0.346875 0.4921875 0.3546875 0.4875 0.35625 0.4796875 0.3515625 0.4796875 0.3453125 0.48125 0.3453125
1 0.490625 0.4046875 0.4953125 0.4046875 0.5046875 0.4109375 0.503125 0.4203125 0.4984375 0.4203125 0.4890625 0.415625 0.490625 0.40625
1 0.615625 0.2421875 0.63125 0.24375 0.6359375 0.2484375 0.6359375 0.2546875 0.6328125 0.2578125 0.625 0.25625 0.615625 0.253125 0.615625 0.24375
2 0.6953125 0.1796875 0.6984375 0.18125 0.7 0.1859375 0.69375 0.1921875 0.6875 0.190625 0.6875 0.18125 0.69375 0.1796875
2 0.525 0.278125 0.5234375 0.271875 0.5296875 0.2703125 0.53125 0.275 0.5265625 0.2765625
2 0.825 0.228125 0.8296875 0.228125 0.828125 0.2421875 0.825 0.240625 0.825 0.2296875
2 0.896875 0.2390625 0.9 0.24375 0.8984375 0.253125 0.8953125 0.253125 0.89375 0.25 0.8953125 0.240625
0 0.421875 0.5421875 0.4265625 0.54375 0.4328125 0.553125 0.428125 0.584375 0.425 0.5875 0.415625 0.5859375 0.409375 0.578125 0.4078125 0.5703125 0.409375 0.553125 0.415625 0.5453125 0.4203125 0.54375
0 0.6703125 0.80625 0.675 0.81875 0.675 0.840625 0.671875 0.8484375 0.6671875 0.853125 0.6578125 0.8390625 0.653125 0.8390625 0.6515625 0.8453125 0.6484375 0.84375 0.646875 0.8203125 0.6546875 0.8046875 0.665625 0.803125 0.66875 0.80625
0 0.4375 0.5171875 0.4421875 0.5203125 0.4453125 0.528125 0.4453125 0.546875 0.4421875 0.553125 0.4375 0.553125 0.425 0.540625 0.4234375 0.5359375 0.4265625 0.5234375 0.4359375 0.5171875
0 0.5109375 0.2984375 0.51875 0.2984375 0.521875 0.30625 0.5203125 0.3171875 0.5140625 0.325 0.509375 0.325 0.50625 0.315625 0.5078125 0.3046875 0.5109375 0.3
0 0.7953125 0.08125 0.796875 0.09375 0.79375 0.096875 0.7890625 0.0953125 0.7890625 0.0859375 0.79375 0.08125
0 0.3890625 0.440625 0.01875 0.0375