1 0.4078125 0.9203125 0.4125 0.9234375 0.421875 0.925 0.4234375 0.928125 0.421875 0.94375 0.409375 0.940625 0.4015625 0.9359375 0.4 0.9234375 0.403125 0.91875 0.40625 0.9203125
1 0.6296875 0.8234375 0.64375 0.8265625 0.6515625 0.83125 0.6515625 0.8484375 0.65 0.85 0.6328125 0.846875 0.6265625 0.8421875 0.6265625 0.8328125 0.6296875 0.825
1 0.6921875 0.59375 0.684375 0.590625 0.684375 0.58125 0.6859375 0.5796875 0.6953125 0.58125 0.696875 0.5890625 0.69375 0.5921875
2 0.6796875 0.765625 0.68125 0.7734375 0.6765625 0.778125 0.66875 0.778125 0.6671875 0.771875 0.6703125 0.7671875 0.678125 0.765625
2 0.6125 0.753125 0.61875 0.7578125 0.61875 0.76875 0.6125 0.765625 0.6078125 0.7546875 0.6109375 0.753125
0 0.78046875 0.10625 0.0109375 0.015625
0 0.928125 0.1484375 0.9328125 0.153125 0.93125 0.1609375 0.928125 0.1640625 0.91875 0.159375 0.91875 0.1515625 0.921875 0.1484375 0.9265625 0.1484375
0 0.6328125 0.3390625 0.6359375 0.3484375 0.6328125 0.3625 0.6265625 0.353125 0.621875 0.35625 0.61875 0.3546875 0.621875 0.340625 0.625 0.3375 0.63125 0.3390625
0 0.8546875 0.0859375 0.853125 0.078125 0.85625 0.0734375 0.8625 0.0796875 0.8609375 0.0859375 0.85625 0.0859375
0 0.6625 0.671875 0.66875 0.6828125 0.66875 0.69375 0.665625 0.70625 0.6640625 0.7078125 0.6578125 0.7015625 0.653125 0.703125 0.646875 0.709375 0.646875 0.68125 0.6546875 0.6703125 0.6609375 0.671875
0 0.6640625 0.6734375 0.6671875 0.6796875 0.6671875 0.69375 0.646875 0.69375 0.646875 0.68125 0.65 0.675 0.6546875 0.6703125 0.659375 0.6703125 0.6625 0.6734375
0 0.4390625 0.7484375 0.4453125 0.7578125 0.4453125 0.7828125 0.4359375 0.778125 0.4265625 0.778125 0.4203125 0.7828125 0.41875 0.775 0.4203125 0.759375 0.428125 0.746875 0.4375 0.7484375
0 0.6921875 0.040625 0.6984375 0.0421875 0.696875 0.0515625 0.690625 0.05 0.6921875 0.0421875
0 0.5890625 0.15625 0.5921875 0.1609375 0.5921875 0.1734375 0.5875 0.18125 0.58125 0.1796875 0.58125 0.1609375 0.5875 0.15625
0 0.8265625 0.2203125 0.825 0.215625 0.8296875 0.2078125 0.8359375 0.209375 0.8375 0.2203125 0.83125 0.2171875 0.828125 0.2203125
0 0.5484375 0.21875 0.5515625 0.2234375 0.55 0.2421875 0.5421875 0.2421875 0.5390625 0.240625 0.5375 0.2359375 0.540625 0.2203125 0.546875 0.21875
0 0.7375 0.153125 0.740625 0.15625 0.740625 0.1609375 0.734375 0.165625 0.728125 0.165625 0.7265625 0.159375 0.7296875 0.1546875 0.7359375 0.153125
0 0.9140625 0.15 0.9171875 0.153125 0.9171875 0.159375 0.9125 0.1640625 0.909375 0.1640625 0.9046875 0.1578125 0.90625 0.1515625 0.9125 0.15
0 0.6953125 0.49375 0.69375 0.4921875 0.6859375 0.4953125 0.684375 0.49375 0.684375 0.4796875 0.6875 0.4734375 0.696875 0.471875 0.7 0.475 0.7 0.4890625 0.696875 0.4921875