1 0.4625 0.6984375 0.471875 0.703125 0.4703125 0.7171875 0.465625 0.721875 0.45 0.7140625 0.45 0.7015625 0.453125 0.6984375 0.4609375 0.6984375
1 0.2515625 0.4125 0.2515625 0.4015625 0.25625 0.396875 0.2625 0.3984375 0.2625 0.4078125 0.2578125 0.4125 0.2546875 0.4140625 0.253125 0.4125
1 0.6265625 0.4109375 0.6390625 0.415625 0.640625 0.425 0.634375 0.4265625 0.6265625 0.4234375 0.6234375 0.41875 0.625 0.4125
1 0.4984375 0.346875 0.503125 0.35 0.5046875 0.3546875 0.5015625 0.359375 0.496875 0.359375 0.490625 0.3546875 0.490625 0.3484375 0.496875 0.346875
1 0.61875 0.8375 0.6375 0.8453125 0.6421875 0.85 0.6421875 0.8578125 0.6390625 0.865625 0.6328125 0.865625 0.6125 0.8546875 0.6125 0.84375 0.6140625 0.8390625 0.6171875 0.8375
2 0.4453125 0.6296875 0.4546875 0.6390625 0.4546875 0.64375 0.4515625 0.646875 0.4484375 0.6453125 0.4453125 0.63125
2 0.79921875 0.521875 0.0140625 0.021875
2 0.6015625 0.76875 0.6109375 0.778125 0.609375 0.7859375 0.603125 0.78125 0.6 0.7703125
0 0.646875 0.3140625 0.65 0.3171875 0.6515625 0.328125 0.64375 0.3296875 0.640625 0.3296875 0.6390625 0.321875 0.640625 0.3171875 0.6453125 0.3140625
0 0.746875 0.090625 0.753125 0.090625 0.7546875 0.09375 0.753125 0.103125 0.7484375 0.103125 0.7453125 0.1015625 0.746875 0.0921875
0 0.8 0.11875 0.80625 0.1203125 0.80625 0.1234375 0.803125 0.125 0.7984375 0.1234375 0.8 0.1203125
0 0.5484375 0.165625 0.553125 0.1703125 0.553125 0.1828125 0.55 0.1875 0.5421875 0.1859375 0.5390625 0.18125 0.540625 0.1734375 0.54375 0.1671875 0.546875 0.165625
0 0.6484375 0.315625 0.653125 0.328125 0.653125 0.3375 0.6484375 0.3421875 0.64375 0.3421875 0.640625 0.3390625 0.6390625 0.3234375 0.640625 0.3171875 0.646875 0.315625
0 0.6546875 0.6953125 0.6609375 0.7 0.6640625 0.709375 0.6640625 0.7203125 0.6609375 0.7296875 0.64375 0.7171875 0.6390625 0.7203125 0.6390625 0.703125 0.6421875 0.696875 0.646875 0.69375 0.653125 0.6953125
0 0.6875 0.05625 0.009375 0.0125
0 0.5125 0.2515625 0.51875 0.25625 0.5171875 0.26875 0.5125 0.2734375 0.5 0.2734375 0.496875 0.26875 0.5 0.2546875 0.5109375 0.2515625