1 0.3515625 0.625 0.015625 0.015625
1 0.2328125 0.425 0.2390625 0.428125 0.2390625 0.4421875 0.234375 0.44375 0.23125 0.4359375 0.2328125 0.4265625
1 0.553125 0.5734375 0.5578125 0.571875 0.5703125 0.575 0.5796875 0.58125 0.5796875 0.590625 0.575 0.5921875 0.55625 0.5859375 0.553125 0.58125 0.553125 0.575
2 0.803125 0.5140625 0.8046875 0.5234375 0.8 0.53125 0.79375 0.5296875 0.7921875 0.51875 0.7953125 0.5125 0.8015625 0.5140625
2 0.4078125 0.503125 0.4125 0.5078125 0.4125 0.5140625 0.4109375 0.515625 0.40625 0.5140625 0.4046875 0.5109375 0.40625 0.5046875
2 0.5359375 0.4234375 0.53125 0.415625 0.53125 0.4 0.534375 0.396875 0.540625 0.403125 0.540625 0.4140625 0.5390625 0.4234375 0.5375 0.4234375
2 0.2859375 0.8109375 0.290625 0.8125 0.2984375 0.8203125 0.3 0.825 0.2984375 0.8453125 0.296875 0.846875 0.2921875 0.8453125 0.284375 0.834375 0.28125 0.8265625 0.28125 0.8171875 0.284375 0.8125
2 0.7328125 0.25625 0.734375 0.2671875 0.73125 0.2703125 0.7234375 0.26875 0.7234375 0.259375 0.7265625 0.25625 0.73125 0.25625
2 0.65078125 0.446875 0.0171875 0.03125
2 0.6515625 0.246875 0.0125 0.015625
2 0.709375 0.153125 0.7171875 0.15625 0.7171875 0.1640625 0.7109375 0.1640625 0.70625 0.1578125 0.7078125 0.1546875
2 0.7859375 0.1734375 0.790625 0.1765625 0.7890625 0.1859375 0.7859375 0.1875 0.78125 0.184375 0.78125 0.1765625 0.784375 0.175
0 0.83125 0.0734375 0.8359375 0.0734375 0.8375 0.078125 0.8375 0.0828125 0.834375 0.084375 0.83125 0.0828125 0.8296875 0.078125 0.83125 0.075
0 0.7515625 0.4015625 0.75 0.4 0.7515625 0.3859375 0.7578125 0.384375 0.7640625 0.39375 0.7640625 0.4015625 0.753125 0.4
0 0.825 0.6015625 0.8234375 0.5859375 0.825 0.58125 0.8296875 0.578125 0.8359375 0.584375 0.8359375 0.6015625 0.834375 0.603125 0.8265625 0.6015625
0 0.7890625 0.246875 0.79375 0.2546875 0.7921875 0.2625 0.7828125 0.259375 0.7796875 0.2546875 0.78125 0.25 0.7875 0.246875
0 0.709375 0.5515625 0.715625 0.5609375 0.715625 0.571875 0.7125 0.5859375 0.7046875 0.590625 0.7015625 0.590625 0.6953125 0.58125 0.6953125 0.5625 0.7015625 0.5515625 0.7046875 0.55 0.7078125 0.5515625
0 0.5796875 0.1984375 0.578125 0.1875 0.5828125 0.18125 0.5890625 0.1828125 0.590625 0.1921875 0.5875 0.2 0.58125 0.1984375
0 0.6203125 0.53125 0.6265625 0.540625 0.6265625 0.553125 0.61875 0.56875 0.6109375 0.5765625 0.603125 0.571875 0.6015625 0.559375 0.6109375 0.5328125 0.615625 0.5296875 0.61875 0.53125
0 0.3796875 0.465625 0.3828125 0.4671875 0.384375 0.475 0.38125 0.4859375 0.3765625 0.4890625 0.3671875 0.4875 0.3671875 0.471875 0.3703125 0.4671875 0.378125 0.465625
0 0.8109375 0.2171875 0.8140625 0.221875 0.8140625 0.2375 0.8109375 0.240625 0.803125 0.2390625 0.803125 0.2234375 0.809375 0.2171875
0 0.778125 0.253125 0.7796875 0.2640625 0.7765625 0.26875 0.771875 0.26875 0.7703125 0.265625 0.771875 0.25625 0.7765625 0.253125
0 0.7375 0.4734375 0.7421875 0.4890625 0.740625 0.496875 0.7375 0.4953125 0.7265625 0.496875 0.7265625 0.478125 0.7296875 0.4734375 0.7328125 0.471875 0.7359375 0.4734375
0 0.6921875 0.5859375 0.6984375 0.590625 0.7015625 0.596875 0.703125 0.6078125 0.7015625 0.6234375 0.6859375 0.625 0.68125 0.61875 0.68125 0.6015625 0.6859375 0.5890625 0.690625 0.5875
0 0.6796875 0.084375 0.6828125 0.0921875 0.68125 0.1 0.6734375 0.0984375 0.6734375 0.0890625 0.678125 0.084375
0 0.7609375 0.3359375 0.7609375 0.325 0.7640625 0.3203125 0.76875 0.3203125 0.771875 0.3234375 0.775 0.3375 0.771875 0.3390625 0.76875 0.3359375 0.7625 0.3359375