1 0.7535934291581109 0.5303030303030303 0.7885010266940452 0.5303030303030303 0.7967145790554415 0.5411255411255411 0.7967145790554415 0.5497835497835498 0.7946611909650924 0.551948051948052 0.7720739219712526 0.551948051948052 0.7659137577002053 0.5541125541125541 0.757700205338809 0.5476190476190477 0.7535934291581109 0.538961038961039 0.7535934291581109 0.5324675324675324
1 0.9815195071868583 0.5346320346320347 0.9794661190965093 0.5303030303030303 0.9815195071868583 0.5173160173160173 0.9856262833675564 0.512987012987013 0.9917864476386037 0.5108225108225108 0.997946611909651 0.5108225108225108 0.997946611909651 0.5281385281385281 0.9876796714579056 0.5346320346320347 0.9835728952772074 0.5346320346320347
1 0.5256673511293635 0.44805194805194803 0.5277207392197125 0.45021645021645024 0.5400410677618069 0.45021645021645024 0.5441478439425051 0.45670995670995673 0.5441478439425051 0.4653679653679654 0.5420944558521561 0.4675324675324675 0.5092402464065708 0.4675324675324675 0.5030800821355236 0.461038961038961 0.5030800821355236 0.4523809523809524 0.5051334702258727 0.45021645021645024 0.5236139630390144 0.45021645021645024
1 0.35728952772073924 0.3051948051948052 0.3593429158110883 0.30303030303030304 0.36960985626283366 0.30303030303030304 0.37166324435318276 0.3008658008658009 0.3921971252566735 0.30303030303030304 0.39630390143737165 0.30735930735930733 0.39630390143737165 0.31385281385281383 0.3860369609856263 0.3181818181818182 0.3655030800821355 0.3181818181818182 0.3593429158110883 0.31385281385281383 0.3593429158110883 0.30735930735930733
2 0.5359342915811088 0.3333333333333333 0.5338809034907598 0.341991341991342 0.5256673511293635 0.3484848484848485 0.5215605749486653 0.3484848484848485 0.5195071868583162 0.3398268398268398 0.5277207392197125 0.3333333333333333 0.5338809034907598 0.3333333333333333
2 0.39835728952772076 0.25 0.01642710472279261 0.015151515151515152
0 0.20739219712525667 0.2532467532467532 0.21560574948665298 0.2619047619047619 0.21560574948665298 0.28354978354978355 0.2135523613963039 0.2878787878787879 0.2135523613963039 0.2792207792207792 0.20739219712525667 0.2727272727272727 0.19301848049281314 0.2727272727272727 0.1868583162217659 0.2792207792207792 0.188911704312115 0.29653679653679654 0.19096509240246407 0.2987012987012987 0.188911704312115 0.3008658008658009 0.17864476386036962 0.2987012987012987 0.17248459958932238 0.2792207792207792 0.17248459958932238 0.2683982683982684 0.17659137577002054 0.2597402597402597 0.18275154004106775 0.2532467532467532 0.188911704312115 0.2510822510822511 0.2053388090349076 0.2532467532467532
0 0.7125256673511293 0.3658008658008658 0.7227926078028748 0.3722943722943723 0.728952772073922 0.38311688311688313 0.728952772073922 0.38961038961038963 0.7186858316221766 0.4090909090909091 0.7125256673511293 0.4025974025974026 0.7063655030800822 0.4025974025974026 0.7002053388090349 0.4090909090909091 0.7002053388090349 0.4199134199134199 0.6940451745379876 0.4199134199134199 0.6858316221765913 0.4155844155844156 0.6796714579055442 0.4090909090909091 0.6776180698151951 0.40476190476190477 0.6776180698151951 0.37662337662337664 0.6837782340862423 0.36363636363636365 0.702258726899384 0.36147186147186144 0.7104722792607803 0.3658008658008658
0 0.8829568788501027 0.30952380952380953 0.8952772073921971 0.31601731601731603 0.9055441478439425 0.3268398268398268 0.9055441478439425 0.3354978354978355 0.8993839835728953 0.33766233766233766 0.893223819301848 0.34415584415584416 0.8809034907597536 0.341991341991342 0.8767967145790554 0.3463203463203463 0.8747433264887063 0.3528138528138528 0.864476386036961 0.35064935064935066 0.8603696098562629 0.3463203463203463 0.8583162217659137 0.3333333333333333 0.8542094455852156 0.3246753246753247 0.8542094455852156 0.31601731601731603 0.8624229979466119 0.30952380952380953 0.8809034907597536 0.30952380952380953
0 0.4722792607802875 0.2597402597402597 0.4784394250513347 0.26406926406926406 0.486652977412731 0.27705627705627706 0.48459958932238195 0.2943722943722944 0.48254620123203285 0.2987012987012987 0.4784394250513347 0.3008658008658009 0.4784394250513347 0.29653679653679654 0.47433264887063653 0.29004329004329005 0.46406570841889117 0.29004329004329005 0.459958932238193 0.2943722943722944 0.459958932238193 0.3008658008658009 0.45790554414784396 0.30303030303030304 0.4517453798767967 0.3008658008658009 0.4455852156057495 0.2922077922077922 0.44353182751540043 0.2857142857142857 0.44353182751540043 0.27056277056277056 0.44763860369609854 0.26406926406926406 0.45585215605749485 0.2597402597402597 0.4702258726899384 0.2597402597402597
0 0.24845995893223818 0.2748917748917749 0.2587268993839836 0.28354978354978355 0.2648870636550308 0.29653679653679654 0.2648870636550308 0.31385281385281383 0.2546201232032854 0.3225108225108225 0.25051334702258726 0.33116883116883117 0.24435318275154005 0.33116883116883117 0.23203285420944558 0.3225108225108225 0.22587268993839835 0.30952380952380953 0.22587268993839835 0.2878787878787879 0.23203285420944558 0.2748917748917749 0.23408624229979466 0.2727272727272727 0.24435318275154005 0.2727272727272727 0.2464065708418891 0.2748917748917749
0 0.6386036960985626 0.33766233766233766 0.6406570841889117 0.3398268398268398 0.6529774127310062 0.3398268398268398 0.6652977412731006 0.354978354978355 0.6652977412731006 0.3593073593073593 0.6570841889117043 0.3722943722943723 0.6529774127310062 0.3722943722943723 0.648870636550308 0.37662337662337664 0.6427104722792608 0.3939393939393939 0.6365503080082136 0.3939393939393939 0.6201232032854209 0.38311688311688313 0.6139630390143738 0.37662337662337664 0.6098562628336756 0.36796536796536794 0.6119096509240246 0.3463203463203463 0.62217659137577 0.3398268398268398 0.6365503080082136 0.33766233766233766
0 0.3347022587268994 0.16666666666666666 0.351129363449692 0.1774891774891775 0.35523613963039014 0.18398268398268397 0.3531827515400411 0.19696969696969696 0.3490759753593429 0.20562770562770563 0.3408624229979466 0.21212121212121213 0.3326488706365503 0.21212121212121213 0.3162217659137577 0.19480519480519481 0.3162217659137577 0.1774891774891775 0.3182751540041068 0.17316017316017315 0.3264887063655031 0.16666666666666666 0.3326488706365503 0.16666666666666666
0 0.29568788501026694 0.18614718614718614 0.29568788501026694 0.16666666666666666 0.29774127310061604 0.16017316017316016 0.31006160164271046 0.15151515151515152 0.324435318275154 0.15151515151515152 0.33059548254620125 0.15800865800865802 0.33059548254620125 0.1645021645021645 0.3264887063655031 0.1645021645021645 0.3162217659137577 0.17532467532467533 0.3141683778234086 0.18831168831168832 0.31006160164271046 0.19264069264069264 0.29774127310061604 0.18614718614718614