1 0.6390625 0.44375 0.6515625 0.446875 0.65 0.4609375 0.6328125 0.4578125 0.6328125 0.446875 0.6375 0.44375
1 0.521875 0.8671875 0.5421875 0.871875 0.546875 0.875 0.5453125 0.8953125 0.5359375 0.896875 0.51875 0.8890625 0.5171875 0.8859375 0.5203125 0.86875
2 0.434375 0.2109375 0.4359375 0.2171875 0.43125 0.221875 0.428125 0.215625 0.4328125 0.2109375
2 0.6234375 0.396875 0.63125 0.3984375 0.6328125 0.403125 0.63125 0.4046875 0.628125 0.4046875 0.625 0.3984375
2 0.5109375 0.7703125 0.515625 0.7703125 0.5203125 0.775 0.5234375 0.7828125 0.5234375 0.790625 0.51875 0.7890625 0.5125 0.7796875 0.5109375 0.771875
0 0.56875 0.678125 0.571875 0.6796875 0.5765625 0.6890625 0.5765625 0.70625 0.571875 0.7109375 0.5578125 0.7109375 0.5546875 0.7078125 0.55625 0.6875 0.5609375 0.6796875 0.5671875 0.678125
0 0.6578125 0.3375 0.6609375 0.35 0.653125 0.353125 0.646875 0.35 0.646875 0.3390625 0.65 0.3359375 0.65625 0.3375
0 0.5953125 0.3171875 0.5984375 0.3203125 0.5984375 0.334375 0.596875 0.3359375 0.5921875 0.334375 0.5890625 0.3375 0.584375 0.3375 0.5828125 0.33125 0.5859375 0.3203125 0.590625 0.315625 0.59375 0.3171875
0 0.7125 0.175 0.7140625 0.1796875 0.7125 0.1921875 0.7046875 0.1921875 0.703125 0.1890625 0.7078125 0.1765625 0.7109375 0.175
0 0.7578125 0.125 0.7484375 0.121875 0.75 0.1140625 0.75625 0.1125 0.759375 0.11875 0.7578125 0.1234375
0 0.584375 0.659375 0.5890625 0.6609375 0.59375 0.66875 0.59375 0.6921875 0.5890625 0.6859375 0.5828125 0.6859375 0.578125 0.690625 0.571875 0.678125 0.575 0.665625 0.5796875 0.6609375 0.5828125 0.6609375
0 0.7515625 0.246875 0.753125 0.2578125 0.75 0.2625 0.740625 0.2609375 0.7421875 0.25 0.7453125 0.246875 0.75 0.246875
0 0.93359375 0.13671875 0.0109375 0.0140625
0 0.66875 0.3328125 0.6734375 0.3390625 0.6734375 0.3515625 0.671875 0.35625 0.6671875 0.359375 0.6625 0.3515625 0.6609375 0.3421875 0.6609375 0.3375 0.6671875 0.3328125